4	11 May 26	19:00:00	1	0	1	0	Ct	0	1	0	0	0	0	9	0	0	0	0	0	0	0	0	0	11	4	0	1	3	0	0	0	0	0	0	0	0	0	0	0	3	0
5	11 May 26	19:05:00	1	0	1	0	Ct	0	1	0	0	0	0	2	0	0	0	0	0	0	0	0	0	13	0	0	2	2	0	0	0	0	0	0	0	0	0	0	0	3	0
6	11 May 26	19:10:00	1	0	1	0	Ct	0	1	0	0	0	0	0	0	0	0	0	0	0	6	0	0	13	16	0	0	10	0	0	0	0	0	0	0	0	0	0	0	19	0
7	11 May 26	19:15:00	1	0	1	0	Ct	0	1	0	0	0	0	14	0	0	0	0	0	0	21	0	0	15	29	0	0	0	0	0	0	0	0	5	0	1	0	0	0	0	0
8	11 May 26	19:20:00	1	0	1	0	Ct	0	1	0	0	0	0	9	0	0	0	0	0	0	0	0	0	10	69	2	15	1	0	4	0	0	0	0	0	16	0	0	0	2	0
9	11 May 26	19:25:00	1	0	1	0	Ct	0	1	0	3	0	0	11	0	0	0	0	0	0	0	0	0	7	10	1	2	1	0	0	0	0	2	0	0	0	0	0	0	1	0
10	11 May 26	19:30:00	1	0	1	0	Ct	0	1	0	13	0	0	0	0	0	0	0	0	0	15	0	0	6	7	0	4	1	0	0	0	0	0	0	0	0	0	0	0	4	0
11	11 May 26	19:35:00	1	0	1	0	Ct	0	1	0	1	23	0	3	0	0	0	0	0	0	37	0	0	12	0	0	0	5	0	0	0	0	0	0	0	43	0	0	0	7	0
12	11 May 26	19:40:00	1	0	1	0	Ct	0	1	0	1	58	0	4	0	0	0	0	0	0	0	0	0	7	0	0	5	3	0	0	0	0	0	0	0	1	0	0	0	0	0
13	11 May 26	19:45:00	1	0	1	0	Ct	0	1	20	11	3	0	12	0	0	0	0	0	0	0	0	0	7	0	8	1	5	0	0	0	0	0	0	0	3	0	0	0	1	0
14	11 May 26	19:50:00	1	0	1	0	Ct	0	1	78	12	0	0	3	0	0	0	0	0	0	35	0	0	7	0	3	3	0	0	0	0	0	0	0	0	14	0	0	0	9	0
15	11 May 26	19:55:00	1	0	1	0	Ct	0	1	36	3	0	0	2	0	0	0	0	0	0	18	0	0	7	0	4	0	0	2	9	0	0	0	0	0	17	0	0	0	0	0
16	11 May 26	20:00:00	1	0	1	0	Ct	0	1	0	0	3	0	2	0	0	0	0	0	0	0	0	0	10	18	0	0	1	0	2	0	0	0	0	0	52	0	0	0	0	0
17	11 May 26	20:05:00	1	0	1	0	Ct	0	1	11	0	0	0	6	0	0	0	0	0	0	0	0	0	17	0	8	0	3	0	3	0	0	0	0	0	3	0	0	0	0	0
18	11 May 26	20:10:00	1	0	1	0	Ct	0	1	26	0	0	1	0	0	0	0	0	0	0	0	0	0	8	15	2	0	0	0	2	0	0	0	0	0	0	14	11	0	0	0
19	11 May 26	20:15:00	1	0	1	0	Ct	0	1	0	0	0	6	0	0	0	0	0	0	0	3	0	0	10	30	1	0	1	2	13	0	0	0	0	0	0	3	0	0	9	0
20	11 May 26	20:20:00	1	0	1	0	Ct	0	1	0	0	0	0	0	0	0	0	0	0	0	0	0	0	1	17	0	2	6	4	0	0	0	0	0	0	0	2	0	0	0	8
21	11 May 26	20:25:00	1	0	1	0	Ct	0	1	17	0	12	0	0	0	0	0	0	0	0	0	0	0	7	0	4	0	1	12	10	0	0	0	0	0	18	3	0	0	0	0
22	11 May 26	20:30:00	1	0	1	0	Ct	0	1	0	0	8	0	0	1	0	0	0	0	0	0	0	0	8	26	0	0	4	2	0	0	0	0	0	0	32	20	1	0	0	0
23	11 May 26	20:35:00	1	0	1	0	Ct	0	1	0	0	1	0	0	3	0	0	0	0	0	0	0	0	8	25	0	11	14	2	0	1	0	0	0	0	4	0	0	0	1	2
24	11 May 26	20:40:00	1	0	1	0	Ct	0	1	0	0	0	0	0	2	0	0	0	0	0	0	0	0	15	0	0	0	1	1	0	0	0	0	0	0	3	0	1	0	4	9
25	11 May 26	20:45:00	1	0	1	0	Ct	0	1	0	5	0	0	0	0	0	0	0	0	0	18	0	0	0	0	3	0	7	0	0	0	0	0	0	0	5	0	23	0	17	24
26	11 May 26	20:50:00	1	0	1	0	Ct	0	1	0	5	0	0	0	0	0	0	0	0	0	0	0	0	6	0	2	2	19	10	0	0	0	0	0	0	3	2	7	0	1	6
27	11 May 26	20:55:00	1	0	1	0	Ct	0	1	0	1	0	2	0	0	0	0	0	0	0	0	0	0	9	0	5	0	7	1	0	0	0	0	0	0	0	29	54	0	3	11
28	11 May 26	21:00:00	1	0	1	0	Ct	0	1	0	0	0	0	0	0	0	0	0	0	0	0	0	0	3	0	0	1	1	0	0	0	0	0	0	0	0	0	17	0	0	20
29	11 May 26	21:05:00	1	0	1	0	Ct	0	1	0	0	0	0	0	0	2	0	0	0	0	0	0	0	8	0	0	2	0	0	1	0	0	0	0	0	2	0	3	0	0	0
30	11 May 26	21:10:00	1	0	1	0	Ct	0	1	0	0	11	1	0	0	0	0	0	0	0	0	0	0	8	2	8	2	0	20	1	0	0	1	0	0	5	1	14	0	1	15
31	11 May 26	21:15:00	1	0	1	0	Ct	0	1	0	0	0	2	2	0	0	0	0	0	0	0	0	0	10	7	3	0	0	7	0	0	0	0	0	0	0	24	0	0	0	11
32	11 May 26	21:20:00	1	0	1	0	Ct	0	1	0	0	0	4	16	0	0	0	0	0	0	0	0	0	10	0	0	3	3	3	0	0	0	0	0	0	0	5	0	0	0	17
33	11 May 26	21:25:00	1	0	1	0	Ct	0	1	5	0	0	7	0	0	0	0	0	0	0	0	0	0	11	9	12	7	9	1	0	0	0	0	4	0	3	1	0	0	0	8
34	11 May 26	21:30:00	1	0	1	0	Ct	0	1	6	0	3	0	0	0	0	0	0	0	0	1	0	0	11	0	6	62	1	0	0	0	0	0	0	0	3	0	0	0	0	0
35	11 May 26	21:35:00	1	0	1	0	Ct	0	1	8	0	8	0	0	0	0	0	0	0	0	0	0	0	5	0	3	3	0	0	3	0	0	0	0	0	0	0	0	0	13	10
36	11 May 26	21:40:00	1	0	1	0	Ct	0	1	0	0	3	0	0	0	0	0	1	0	0	0	0	0	14	0	3	20	1	6	0	0	0	0	2	0	3	19	0	0	0	9
37	11 May 26	21:45:00	1	0	1	0	Ct	0	1	4	0	5	0	1	0	0	0	7	0	0	0	0	0	8	0	0	10	0	3	0	0	0	0	1	0	3	0	0	0	0	7
38	11 May 26	21:50:00	1	0	1	0	Ct	0	1	4	0	1	0	4	0	0	0	3	0	0	0	0	0	10	2	17	0	4	3	0	0	0	0	0	0	2	4	0	0	0	20
39	11 May 26	21:55:00	1	0	1	0	Ct	0	1	7	0	1	0	0	0	0	0	0	0	0	0	0	0	9	8	12	9	1	5	0	0	0	0	0	0	3	0	0	0	8	23
40	11 May 26	22:00:00	1	0	1	0	Ct	0	1	4	0	0	2	12	0	0	0	0	0	0	0	0	0	10	0	0	1	2	6	2	0	0	0	0	0	5	3	0	0	0	0
41	11 May 26	22:05:00	1	0	1	0	Ct	0	0	8	0	5	6	15	4	8	0	6	0	0	0	17	0	17	0	0	5	6	4	0	2	0	0	2	0	9	7	0	0	16	15
42	11 May 26	22:10:00	1	0	1	0	Ct	0	0	11	0	2	17	16	3	0	0	5	0	0	0	18	0	24	0	0	6	7	5	0	0	0	0	0	0	5	0	0	0	0	15
43	11 May 26	22:15:00	1	0	1	0	Ct	0	0	5	9	0	0	13	9	0	0	0	0	0	0	16	0	17	0	0	10	2	0	0	0	0	0	0	0	14	0	0	0	0	15
44	11 May 26	22:20:00	1	0	1	0	Ct	0	0	7	0	0	8	9	0	0	0	1	0	0	0	9	0	17	0	3	0	0	0	0	0	0	0	0	0	0	0	0	0	0	5
45	11 May 26	22:25:00	1	0	1	0	Ct	0	0	3	0	0	0	10	0	0	0	0	0	0	0	15	0	21	3	0	4	2	12	0	0	0	0	0	0	0	0	0	0	0	1
46	11 May 26	22:30:00	1	0	1	0	Ct	0	0	10	0	9	0	6	0	0	0	1	0	0	0	8	0	18	22	5	0	8	0	0	0	0	0	0	0	0	0	0	0	0	0
47	11 May 26	22:35:00	1	0	1	0	Ct	0	0	7	0	0	0	7	0	0	0	0	0	0	0	0	0	23	6	0	0	9	0	0	0	0	0	0	0	0	0	0	0	3	13
48	11 May 26	22:40:00	1	0	1	0	Ct	0	0	8	0	0	0	3	0	0	0	0	0	0	0	0	0	25	0	0	0	2	0	0	0	0	0	4	0	0	0	0	0	0	0
49	11 May 26	22:45:00	1	0	1	0	Ct	0	0	7	0	1	0	2	0	0	0	0	0	0	0	0	0	24	29	0	0	0	1	0	0	0	0	2	0	0	0	0	0	0	0
50	11 May 26	22:50:00	1	0	1	0	Ct	0	0	3	0	0	0	0	0	0	0	0	0	0	0	0	0	23	9	0	0	0	0	0	0	0	0	0	0	0	0	0	0	0	0
51	11 May 26	22:55:00	1	0	1	0	Ct	0	0	0	0	0	0	0	0	0	0	0	0	0	0	0	0	14	25	4	0	0	0	0	0	0	0	0	0	0	0	0	0	0	3
52	11 May 26	23:00:00	1	0	1	0	Ct	0	0	2	0	0	0	0	0	0	0	0	0	0	0	0	0	10	3	3	0	6	0	0	0	0	0	2	0	0	0	0	0	0	24
53	11 May 26	23:05:00	1	0	1	0	Ct	0	0	3	0	0	0	0	0	0	0	0	0	0	0	0	0	23	39	0	0	12	0	0	0	0	0	5	0	0	0	0	0	0	0
54	11 May 26	23:10:00	1	0	1	0	Ct	0	0	9	0	0	0	0	0	0	0	0	0	0	0	0	0	18	0	0	0	6	0	0	0	0	0	1	0	0	0	0	0	0	1
55	11 May 26	23:15:00	1	0	1	0	Ct	0	0	4	0	0	0	0	0	0	0	0	0	0	0	0	0	25	0	0	0	1	1	0	0	0	0	1	0	0	0	0	0	0	3
56	11 May 26	23:20:00	1	0	1	0	Ct	0	0	7	0	0	0	0	0	0	0	0	0	0	0	0	0	3	0	0	0	0	0	0	0	0	0	4	0	0	0	0	0	0	0
57	11 May 26	23:25:00	1	0	1	0	Ct	0	0	7	0	0	0	0	0	0	0	0	0	0	0	0	0	8	0	2	0	4	0	0	0	0	0	2	0	0	0	12	0	0	0
58	11 May 26	23:30:00	1	0	1	0	Ct	0	0	7	0	0	0	0	0	0	0	0	0	0	0	0	0	22	0	0	2	6	0	0	0	0	0	0	0	0	0	9	0	0	0
59	11 May 26	23:35:00	1	0	1	0	Ct	0	0	3	0	0	0	0	0	0	0	0	0	0	0	0	0	19	0	15	5	9	0	2	0	30	0	1	0	0	0	0	0	0	0
60	11 May 26	23:40:00	1	0	1	0	Ct	0	0	2	0	0	0	0	0	0	0	0	0	0	0	0	0	12	0	0	4	4	0	0	0	1	0	3	0	0	0	0	0	0	0
61	11 May 26	23:45:00	1	0	1	0	Ct	0	0	20	0	0	0	0	0	0	0	0	0	0	2	0	0	10	0	0	3	0	0	0	0	0	0	2	0	0	0	0	0	0	0
62	11 May 26	23:50:00	1	0	1	0	Ct	0	0	3	0	0	0	0	0	0	0	0	0	0	0	0	3	26	0	0	3	0	0	0	0	0	0	0	0	0	0	0	0	0	0
63	11 May 26	23:55:00	1	0	1	0	Ct	0	0	6	0	0	0	0	0	0	0	0	0	0	0	0	12	13	0	0	1	3	0	0	0	0	0	2	0	0	0	0	0	0	0
64	12 May 26	00:00:00	1	0	1	0	Ct	0	0	3	0	0	0	0	0	0	0	0	0	0	0	0	24	46	0	0	1	0	0	0	0	0	0	0	0	0	0	0	0	0	0
65	12 May 26	00:05:00	1	0	1	0	Ct	0	0	0	0	0	0	0	0	0	0	0	0	0	0	0	11	27	0	0	3	0	0	0	0	0	0	4	0	0	0	0	0	0	0
66	12 May 26	00:10:00	1	0	1	0	Ct	0	0	5	0	0	0	0	0	0	0	0	0	0	0	2	0	4	0	0	1	0	0	0	0	0	0	0	0	0	0	0	0	0	0
67	12 May 26	00:15:00	1	0	1	0	Ct	0	0	0	0	0	0	0	0	0	0	0	0	0	0	2	8	15	0	0	4	2	0	0	0	0	0	3	0	0	0	0	0	0	0
68	12 May 26	00:20:00	1	0	1	0	Ct	0	0	0	0	0	0	0	0	0	0	0	0	0	0	1	14	26	0	5	0	5	0	0	0	0	0	4	0	0	0	4	0	0	0
69	12 May 26	00:25:00	1	0	1	0	Ct	0	0	14	0	0	0	0	0	0	0	0	0	0	0	2	0	16	0	0	0	9	0	0	0	0	0	1	0	0	0	0	0	0	0
70	12 May 26	00:30:00	1	0	1	0	Ct	0	0	2	0	0	0	0	0	0	0	0	0	0	0	0	0	24	0	0	0	0	1	0	0	0	0	2	0	0	0	0	0	0	0
71	12 May 26	00:35:00	1	0	1	0	Ct	0	0	38	0	0	0	0	0	0	0	0	0	0	0	2	0	17	0	0	0	0	0	0	0	0	0	1	0	0	0	0	0	0	0
72	12 May 26	00:40:00	1	0	1	0	Ct	0	0	20	0	0	0	0	0	0	0	0	0	0	0	2	0	25	0	0	0	0	0	0	0	0	0	2	0	0	0	0	0	0	12
73	12 May 26	00:45:00	1	0	1	0	Ct	0	0	0	0	0	0	0	0	0	0	0	0	0	0	12	0	5	0	0	0	0	0	0	0	0	0	1	0	0	0	0	0	16	0
74	12 May 26	00:50:00	1	0	1	0	Ct	0	0	0	0	0	0	0	0	0	0	0	0	0	0	20	0	13	0	0	0	0	6	0	0	0	0	2	0	0	0	0	0	3	0
75	12 May 26	00:55:00	1	0	1	0	Ct	0	0	0	0	0	0	0	0	0	0	0	0	0	0	6	0	19	0	0	0	0	23	0	0	0	0	1	0	0	0	0	0	0	0
76	12 May 26	01:00:00	1	0	1	0	Ct	0	0	0	0	0	0	0	0	0	0	0	0	0	0	13	2	17	0	0	2	0	0	0	0	0	0	2	0	0	0	0	0	0	0
77	12 May 26	01:05:00	1	0	1	0	Ct	0	0	0	0	0	0	0	0	0	0	0	0	0	0	4	2	11	0	2	3	0	0	0	0	0	0	3	0	0	0	0	0	0	0
78	12 May 26	01:10:00	1	0	1	0	Ct	0	0	10	0	0	0	0	0	0	0	0	0	0	0	0	21	5	0	7	2	2	0	0	0	0	0	1	0	0	0	0	0	0	0
79	12 May 26	01:15:00	1	0	1	0	Ct	0	0	0	0	0	0	0	0	0	0	0	0	0	0	0	12	17	0	7	0	0	0	0	0	0	0	1	0	0	0	0	0	0	0
80	12 May 26	01:20:00	1	0	1	0	Ct	0	0	0	0	0	0	0	0	0	0	0	0	0	0	0	37	29	0	3	4	5	0	0	0	0	17	0	0	0	0	0	0	1	0
81	12 May 26	01:25:00	1	0	1	0	Ct	0	0	0	0	0	0	0	0	0	0	0	0	0	0	0	0	15	0	2	9	8	0	0	32	0	0	5	0	0	0	0	0	1	0
82	12 May 26	01:30:00	1	0	1	0	Ct	0	0	7	0	0	0	0	0	0	0	0	0	0	0	0	0	33	0	5	0	3	0	14	8	0	1	5	0	9	0	0	0	0	0
83	12 May 26	01:35:00	1	0	1	0	Ct	0	0	6	0	0	9	0	0	0	0	0	0	0	0	0	0	15	0	5	0	4	0	4	27	0	0	0	0	0	0	0	0	16	0
84	12 May 26	01:40:00	1	0	1	0	Ct	0	0	4	0	0	1	0	0	0	0	0	0	0	0	0	0	12	0	3	0	5	0	0	0	0	0	2	0	0	0	0	0	0	0
85	12 May 26	01:45:00	1	0	1	0	Ct	0	0	14	0	0	6	0	0	0	0	0	0	0	0	0	0	13	1	4	0	0	0	4	0	0	0	0	0	0	0	0	0	0	0
86	12 May 26	01:50:00	1	0	1	0	Ct	0	0	0	0	1	0	0	0	0	0	0	0	0	0	0	0	20	2	0	9	1	0	1	0	0	0	3	0	0	0	0	0	0	0
87	12 May 26	01:55:00	1	0	1	0	Ct	0	0	0	0	0	4	0	0	0	0	0	0	0	0	0	0	15	0	0	0	3	0	0	4	0	1	1	0	0	0	0	0	0	0
88	12 May 26	02:00:00	1	0	1	0	Ct	0	0	0	0	58	3	0	0	0	0	0	0	0	0	1	0	52	0	0	0	4	0	3	0	0	23	2	0	0	0	0	0	0	0
89	12 May 26	02:05:00	1	0	1	0	Ct	0	0	0	1	0	0	0	0	0	0	0	0	0	0	7	0	14	0	0	0	2	0	0	4	0	0	2	0	0	0	0	0	0	0
90	12 May 26	02:10:00	1	0	1	0	Ct	0	0	0	0	0	0	0	0	0	0	5	0	0	0	0	0	12	0	0	0	0	0	3	0	0	0	0	0	0	8	0	0	0	0
91	12 May 26	02:15:00	1	0	1	0	Ct	0	0	0	0	0	0	0	0	0	0	3	0	0	0	0	0	22	0	0	0	4	0	5	0	0	0	0	0	0	0	0	0	0	0
92	12 May 26	02:20:00	1	0	1	0	Ct	0	0	0	0	0	0	0	0	0	0	9	0	0	0	0	0	22	0	0	0	5	0	0	0	0	0	3	0	0	0	0	0	0	0
93	12 May 26	02:25:00	1	0	1	0	Ct	0	0	0	0	0	0	0	0	0	0	0	0	0	0	0	0	18	0	0	0	8	0	0	0	0	0	2	0	0	0	0	0	0	0
94	12 May 26	02:30:00	1	0	1	0	Ct	0	0	0	0	0	0	0	0	0	0	1	0	0	0	0	0	11	0	0	0	1	0	2	0	0	0	1	0	17	0	0	0	0	0
95	12 May 26	02:35:00	1	0	1	0	Ct	0	0	0	0	0	0	0	0	0	0	13	0	0	0	0	0	11	11	0	0	0	0	1	0	0	0	2	0	9	0	0	0	0	0
96	12 May 26	02:40:00	1	0	1	0	Ct	0	0	0	0	0	0	0	0	0	0	9	0	0	0	0	0	17	4	0	0	0	0	1	0	0	2	0	0	0	0	0	0	8	0
97	12 May 26	02:45:00	1	0	1	0	Ct	0	0	0	0	0	0	0	0	0	0	0	0	0	0	0	0	4	0	0	0	1	0	0	0	0	5	3	0	0	0	0	0	0	0
98	12 May 26	02:50:00	1	0	1	0	Ct	0	0	0	0	0	0	0	0	0	0	1	0	0	0	0	0	13	0	0	5	2	0	0	0	0	0	0	0	0	0	0	0	0	0
99	12 May 26	02:55:00	1	0	1	0	Ct	0	0	0	0	0	0	0	0	0	0	0	0	0	0	0	0	25	0	0	0	4	0	0	0	0	2	0	0	2	0	0	0	0	0
100	12 May 26	03:00:00	1	0	1	0	Ct	0	0	0	4	0	0	0	0	0	0	0	0	0	0	0	0	17	0	0	0	4	0	0	0	0	1	0	0	0	0	0	0	0	0
101	12 May 26	03:05:00	1	0	1	0	Ct	0	0	12	3	0	0	0	0	0	0	3	0	0	0	0	0	15	0	0	6	0	0	0	0	0	5	1	0	0	0	0	0	2	0
102	12 May 26	03:10:00	1	0	1	0	Ct	0	0	0	2	0	0	0	0	0	0	1	0	0	5	0	0	34	0	0	6	0	0	0	12	0	2	3	0	0	0	0	0	0	0
103	12 May 26	03:15:00	1	0	1	0	Ct	0	0	0	0	0	0	0	0	0	0	11	0	0	0	0	0	17	0	4	6	0	0	0	8	0	0	1	0	0	0	0	0	0	0
104	12 May 26	03:20:00	1	0	1	0	Ct	0	0	0	0	0	0	0	0	0	0	0	0	0	0	0	0	12	0	0	0	5	0	0	0	0	10	2	0	0	0	0	0	0	0
105	12 May 26	03:25:00	1	0	1	0	Ct	0	0	0	0	0	0	0	0	0	0	0	0	0	0	0	0	7	0	0	3	6	0	0	0	0	39	0	0	0	0	6	0	0	0
106	12 May 26	03:30:00	1	0	1	0	Ct	0	0	0	0	0	0	0	0	0	0	0	0	0	0	0	0	16	0	0	2	6	0	18	0	0	0	0	0	0	0	0	0	0	0
107	12 May 26	03:35:00	1	0	1	0	Ct	0	0	0	0	0	0	0	0	0	0	6	0	0	0	0	0	7	0	0	1	4	0	0	0	0	2	0	0	0	0	0	0	20	0
108	12 May 26	03:40:00	1	0	1	0	Ct	0	0	0	0	0	0	0	0	0	0	4	0	0	0	0	0	10	0	0	1	1	0	0	0	0	0	1	0	6	0	0	0	0	0
109	12 May 26	03:45:00	1	0	1	0	Ct	0	0	0	0	0	0	0	2	0	0	16	0	0	0	0	0	6	0	0	4	3	0	4	0	0	0	0	0	14	0	0	0	0	0
110	12 May 26	03:50:00	1	0	1	0	Ct	0	0	4	0	0	0	0	0	0	0	9	0	0	0	0	0	13	0	0	2	0	0	0	0	0	0	0	0	0	0	0	0	0	0
111	12 May 26	03:55:00	1	0	1	0	Ct	0	0	17	0	0	0	0	0	0	0	0	0	0	0	0	2	11	0	0	1	2	0	0	0	0	4	3	0	0	0	0	0	0	0
112	12 May 26	04:00:00	1	0	1	0	Ct	0	0	0	0	0	0	0	0	0	0	7	0	0	0	8	6	14	0	0	0	1	0	0	0	0	0	0	0	10	0	0	0	0	0
113	12 May 26	04:05:00	1	0	1	0	Ct	0	0	8	0	0	0	0	0	0	0	3	0	0	0	18	23	19	0	0	4	0	0	0	0	0	23	0	0	4	0	0	0	0	0
114	12 May 26	04:10:00	1	0	1	0	Ct	0	0	8	0	0	0	0	0	0	0	1	0	0	0	5	2	3	0	0	0	0	0	0	0	0	2	0	0	0	0	0	0	0	0
115	12 May 26	04:15:00	1	0	1	0	Ct	0	0	4	0	0	0	0	0	0	0	2	0	0	1	0	1	3	0	0	0	0	0	0	0	0	5	0	0	0	0	0	0	0	0
116	12 May 26	04:20:00	1	0	1	0	Ct	0	0	0	0	0	0	0	0	0	0	0	0	0	0	1	18	0	0	0	7	0	0	0	0	0	2	0	0	0	0	0	0	0	0
117	12 May 26	04:25:00	1	0	1	0	Ct	0	0	0	0	0	0	0	0	0	0	0	0	0	0	0	8	6	0	0	7	0	0	0	0	0	1	0	0	0	0	0	0	0	0
118	12 May 26	04:30:00	1	0	1	0	Ct	0	0	5	0	0	0	0	0	0	0	0	0	0	0	0	15	12	0	0	0	0	0	0	0	0	12	0	0	0	0	0	0	0	0
119	12 May 26	04:35:00	1	0	1	0	Ct	0	0	16	0	0	0	0	0	0	0	0	0	0	0	0	41	21	0	0	0	1	0	0	0	0	9	0	0	0	0	0	0	0	0
120	12 May 26	04:40:00	1	0	1	0	Ct	0	0	9	0	0	0	0	0	0	0	0	0	0	0	0	0	4	0	0	0	4	0	0	0	0	2	0	0	0	0	0	0	0	0
121	12 May 26	04:45:00	1	0	1	0	Ct	0	0	0	0	0	0	0	0	0	0	0	0	0	0	0	0	0	0	0	0	1	0	0	0	0	2	0	0	0	0	0	0	0	0
122	12 May 26	04:50:00	1	0	1	0	Ct	0	0	5	0	0	0	0	0	0	0	0	0	0	0	0	0	0	0	0	0	2	0	0	0	0	6	0	0	0	0	0	0	0	26
123	12 May 26	04:55:00	1	0	1	0	Ct	0	0	0	4	0	0	0	0	0	0	0	0	0	0	0	13	0	0	0	0	8	0	0	3	0	0	0	0	7	0	0	0	0	19
124	12 May 26	05:00:00	1	0	1	0	Ct	0	0	0	0	0	0	0	0	0	0	0	0	0	0	0	1	0	0	0	0	2	0	0	1	0	0	0	0	0	0	0	0	0	2
125	12 May 26	05:05:00	1	0	1	0	Ct	0	0	0	0	0	0	0	0	0	0	0	0	0	0	0	3	0	0	0	0	0	0	0	0	0	0	0	0	3	0	0	0	0	19
126	12 May 26	05:10:00	1	0	1	0	Ct	0	0	0	1	0	0	0	0	0	0	0	0	0	0	0	0	0	0	0	0	0	0	0	0	0	0	0	0	8	0	0	0	0	0
127	12 May 26	05:15:00	1	0	1	0	Ct	0	0	0	1	0	0	0	0	0	0	0	0	0	0	0	7	0	0	0	0	0	0	0	0	0	0	0	0	8	0	0	0	0	1
128	12 May 26	05:20:00	1	0	1	0	Ct	0	0	1	1	0	1	0	0	0	0	0	0	0	0	0	20	0	0	0	0	0	0	0	0	0	0	0	0	36	0	0	0	0	0
129	12 May 26	05:25:00	1	0	1	0	Ct	0	0	0	10	0	11	0	0	0	0	0	0	0	0	0	0	0	0	0	0	0	0	0	0	0	0	0	0	12	0	0	0	0	1
130	12 May 26	05:30:00	1	0	1	0	Ct	0	0	0	4	0	0	0	0	0	0	0	0	0	0	0	9	0	0	0	5	0	0	0	0	0	0	0	0	2	0	0	0	0	0
131	12 May 26	05:35:00	1	0	1	0	Ct	0	0	0	5	0	0	0	0	0	0	0	0	0	0	0	48	0	0	0	0	0	0	0	0	0	0	0	0	0	0	0	0	0	1
132	12 May 26	05:40:00	1	0	1	0	Ct	0	0	0	0	0	0	0	0	0	0	0	0	0	0	0	24	0	0	0	3	3	0	0	0	0	0	0	0	4	0	0	0	3	1
133	12 May 26	05:45:00	1	0	1	0	Ct	0	0	0	0	0	0	0	0	0	0	0	0	0	0	0	27	0	0	0	1	6	0	0	0	0	0	0	0	0	0	0	0	0	1
134	12 May 26	05:50:00	1	0	1	0	Ct	0	0	0	0	0	0	0	0	0	0	0	0	0	0	3	20	0	0	0	3	5	0	0	0	0	0	0	0	0	0	0	0	0	0
135	12 May 26	05:55:00	1	0	1	0	Ct	0	0	0	0	0	0	0	0	0	0	0	0	0	0	30	0	0	0	0	0	0	0	0	0	0	0	0	0	7	0	0	0	0	0
136	12 May 26	06:00:00	1	0	1	0	Ct	0	0	0	0	0	0	0	0	0	0	0	0	0	0	1	0	0	0	0	3	3	0	0	0	0	0	0	0	4	0	0	0	0	0
137	12 May 26	06:05:00	1	0	1	0	Ct	0	0	0	0	0	0	0	0	0	0	6	0	0	0	0	0	0	0	0	5	0	0	0	0	0	4	0	0	0	0	0	0	0	0
138	12 May 26	06:10:00	1	0	1	0	Ct	0	0	0	0	0	0	0	0	0	0	2	0	0	0	0	0	0	0	0	2	0	0	0	0	0	0	0	0	0	0	0	0	0	0
139	12 May 26	06:15:00	1	0	1	0	Ct	0	0	0	0	0	0	0	0	0	0	0	0	0	0	0	0	0	0	0	1	0	0	0	10	0	0	0	0	0	0	0	0	0	0
140	12 May 26	06:20:00	1	0	1	0	Ct	0	0	0	0	0	0	0	0	0	0	0	0	0	0	0	0	0	0	0	0	4	0	0	0	0	2	0	0	0	0	0	0	0	0
141	12 May 26	06:25:00	1	0	1	0	Ct	0	0	6	0	0	0	0	0	0	0	0	0	0	0	0	0	0	0	0	3	2	12	0	27	0	8	0	0	0	0	0	0	0	3
142	12 May 26	06:30:00	1	0	1	0	Ct	0	0	36	0	0	0	0	0	0	0	0	0	0	0	0	0	0	0	0	0	12	18	0	0	0	3	0	0	0	0	0	0	0	0
143	12 May 26	06:35:00	1	0	1	0	Ct	0	0	16	0	0	0	0	0	0	0	0	0	0	0	0	0	0	5	0	0	1	11	0	0	0	0	0	0	0	0	0	0	0	3
144	12 May 26	06:40:00	1	0	1	0	Ct	0	0	9	0	0	0	0	0	0	0	0	0	0	0	0	0	0	0	0	0	0	7	0	0	0	0	0	0	10	0	0	0	0	5
145	12 May 26	06:45:00	1	0	1	0	Ct	0	0	17	0	0	0	2	0	0	0	3	0	0	0	0	0	0	0	0	0	0	2	0	1	0	0	0	0	0	0	0	0	0	0
146	12 May 26	06:50:00	1	0	1	0	Ct	0	0	6	0	0	0	0	0	0	0	1	0	0	0	0	0	0	0	0	0	0	10	17	0	0	4	0	0	6	0	0	0	0	1
147	12 May 26	06:55:00	1	0	1	0	Ct	0	0	5	0	0	0	0	2	0	0	0	0	0	0	0	0	0	1	0	0	0	5	64	7	0	7	0	0	8	0	0	0	0	0
148	12 May 26	07:00:00	1	0	1	0	Ct	0	0	28	0	0	0	0	0	0	0	0	0	0	0	0	0	0	0	0	0	0	4	9	1	0	13	0	0	16	0	0	0	1	0
149	12 May 26	07:05:00	1	0	1	0	Ct	0	0	52	0	0	0	0	0	0	0	0	0	0	0	0	0	0	0	0	0	0	6	0	0	0	20	0	0	5	0	0	0	0	0
150	12 May 26	07:10:00	1	0	1	0	Ct	0	0	28	0	0	0	0	0	0	0	0	0	0	0	0	0	0	0	0	0	0	10	0	0	0	2	0	0	4	5	0	0	0	3
151	12 May 26	07:15:00	1	0	1	0	Ct	0	0	0	0	0	0	0	0	0	0	0	0	0	0	0	0	0	0	0	0	0	5	0	7	0	0	0	0	14	0	0	0	0	4
152	12 May 26	07:20:00	1	0	1	0	Ct	0	0	0	0	0	0	0	0	0	0	0	0	0	0	0	0	0	0	0	0	5	4	3	0	0	1	0	0	17	0	0	0	0	0
153	12 May 26	07:25:00	1	0	1	0	Ct	0	0	0	0	0	0	0	0	8	0	0	0	0	0	0	0	0	0	0	0	0	10	10	18	0	0	0	0	0	0	0	0	0	0
154	12 May 26	07:30:00	1	0	1	0	Ct	0	0	0	0	0	0	0	0	0	0	0	0	0	0	0	0	0	0	0	0	6	0	3	2	0	0	0	0	0	0	0	0	0	0
155	12 May 26	07:35:00	1	0	1	0	Ct	0	0	0	0	0	0	0	0	0	0	4	0	0	0	0	0	0	0	0	0	0	2	0	0	0	0	0	0	0	0	0	0	15	0
156	12 May 26	07:40:00	1	0	1	0	Ct	0	0	50	0	0	0	0	0	0	0	11	0	0	0	0	0	0	0	0	0	0	0	15	0	0	0	0	0	0	0	0	0	0	0
157	12 May 26	07:45:00	1	0	1	0	Ct	0	0	0	0	0	0	0	0	0	0	10	0	0	0	0	0	7	0	0	0	0	0	2	1	0	1	0	0	0	2	0	0	0	0
158	12 May 26	07:50:00	1	0	1	0	Ct	0	0	0	0	0	0	2	0	0	0	12	0	0	0	0	0	3	0	0	0	1	2	1	0	0	0	0	0	2	0	0	0	3	0
159	12 May 26	07:55:00	1	0	1	0	Ct	0	0	0	0	0	0	2	0	0	0	2	0	0	0	0	0	11	0	0	0	0	0	0	0	0	0	0	0	1	0	0	0	1	0
160	12 May 26	08:00:00	1	0	1	0	Ct	0	0	0	0	0	0	4	0	0	0	0	0	0	0	0	0	0	0	0	0	4	0	0	0	0	0	0	0	2	0	0	0	0	0
161	12 May 26	08:05:00	1	0	1	0	Ct	0	0	0	0	0	0	0	0	0	0	6	0	0	0	0	0	3	0	0	0	0	0	0	2	0	0	0	0	0	0	0	0	0	0
162	12 May 26	08:10:00	1	0	1	0	Ct	0	0	0	0	0	0	0	0	1	0	0	0	0	0	0	0	0	0	7	0	0	0	0	0	0	0	0	0	0	0	0	0	0	0
163	12 May 26	08:15:00	1	0	1	0	Ct	0	0	0	0	0	0	0	0	0	0	2	0	0	0	0	0	9	0	0	0	0	0	0	6	0	0	0	0	0	0	0	0	2	0
164	12 May 26	08:20:00	1	0	1	0	Ct	0	0	0	0	0	0	0	0	0	0	0	0	0	0	0	0	0	0	0	0	0	0	0	0	0	0	0	0	0	0	0	0	2	0
165	12 May 26	08:25:00	1	0	1	0	Ct	0	0	0	0	0	0	0	0	3	0	26	0	0	0	0	0	0	0	0	0	0	0	0	1	0	0	0	0	0	0	0	0	19	0
166	12 May 26	08:30:00	1	0	1	0	Ct	0	0	0	0	0	0	0	0	2	0	0	0	0	0	0	0	0	0	0	0	5	0	0	0	0	0	0	0	0	0	0	0	0	0
167	12 May 26	08:35:00	1	0	1	0	Ct	0	0	0	0	0	0	0	0	0	0	0	0	0	0	0	0	0	0	0	0	0	0	0	5	0	0	0	0	0	0	0	0	1	0
168	12 May 26	08:40:00	1	0	1	0	Ct	0	0	0	0	0	0	0	0	1	0	0	0	0	0	0	0	0	0	0	0	0	0	0	2	0	0	0	0	0	0	0	0	1	0
169	12 May 26	08:45:00	1	0	1	0	Ct	0	0	0	0	0	0	0	0	0	0	0	0	0	0	1	0	0	0	0	0	0	0	0	5	0	0	0	0	0	0	0	0	2	0
170	12 May 26	08:50:00	1	0	1	0	Ct	0	0	0	0	0	0	0	0	0	0	0	0	0	0	1	0	0	0	0	0	0	0	0	1	0	0	0	0	0	0	0	0	5	0
171	12 May 26	08:55:00	1	0	1	0	Ct	0	0	0	0	0	0	0	0	0	0	0	0	0	0	0	0	0	0	0	0	0	0	0	2	0	0	0	0	0	0	0	0	1	0
172	12 May 26	09:00:00	1	0	1	0	Ct	0	0	0	0	0	0	0	0	0	0	0	0	0	0	0	0	0	0	0	0	6	0	0	1	0	0	0	0	0	0	0	0	0	0
173	12 May 26	09:05:00	1	0	1	0	Ct	0	0	0	0	0	0	0	0	0	0	0	0	0	0	0	0	0	0	0	0	1	0	0	0	0	0	0	0	0	0	0	0	0	0
174	12 May 26	09:10:00	1	0	1	0	Ct	0	0	0	0	0	0	0	0	21	0	0	0	0	0	0	0	0	0	0	0	0	0	0	0	0	0	0	0	6	0	0	0	1	0
175	12 May 26	09:15:00	1	0	1	0	Ct	0	0	0	0	0	0	0	0	0	0	0	0	0	0	0	0	0	0	0	0	0	0	0	0	0	0	0	0	10	0	0	0	0	0
176	12 May 26	09:20:00	1	0	1	0	Ct	0	0	0	0	0	0	0	0	4	0	0	0	0	0	0	0	0	0	0	0	0	0	0	0	0	0	0	0	6	0	0	0	4	0
177	12 May 26	09:25:00	1	0	1	0	Ct	0	0	0	0	0	0	0	0	0	0	1	0	0	0	0	0	0	0	0	0	4	0	0	0	0	0	0	0	5	0	0	0	0	0
178	12 May 26	09:30:00	1	0	1	0	Ct	0	0	0	0	0	0	0	0	4	0	4	0	0	0	0	0	0	0	0	0	6	2	0	0	0	0	0	0	0	0	0	0	11	0
179	12 May 26	09:35:00	1	0	1	0	Ct	0	0	0	10	14	0	0	0	0	0	5	0	0	0	0	0	0	0	0	0	1	5	0	0	0	2	0	0	0	0	0	0	0	0
180	12 May 26	09:40:00	1	0	1	0	Ct	0	0	0	0	0	0	9	0	0	0	6	0	0	0	0	0	0	0	0	1	0	2	0	0	0	2	0	0	0	0	0	0	0	0
181	12 May 26	09:45:00	1	0	1	0	Ct	0	0	0	0	0	0	12	0	0	0	0	0	0	0	0	0	0	0	0	6	0	3	0	0	0	4	0	0	0	0	0	0	0	0
182	12 May 26	09:50:00	1	0	1	0	Ct	0	0	0	0	24	0	7	0	0	0	13	0	0	0	0	0	2	0	0	0	2	2	9	0	0	2	0	0	0	0	0	0	0	0
183	12 May 26	09:55:00	1	0	1	0	Ct	0	0	0	0	2	0	19	0	0	0	4	0	0	0	1	0	6	0	0	0	5	3	18	0	0	10	0	0	3	0	0	0	0	0
184	12 May 26	10:00:00	1	0	1	0	Ct	0	1	0	1	0	27	15	10	0	0	10	0	0	0	5	1	8	0	0	0	4	4	4	5	0	0	0	0	2	0	0	0	0	0
185	12 May 26	10:05:00	1	0	1	0	Ct	0	1	6	0	1	0	14	10	0	0	6	0	0	0	4	0	15	1	2	1	10	9	1	3	0	1	0	0	6	1	0	0	0	12
186	12 May 26	10:10:00	1	0	1	0	Ct	0	1	5	2	1	2	13	10	3	0	8	0	0	0	7	0	14	9	6	5	10	18	11	4	3	8	0	0	7	0	0	0	0	14
187	12 May 26	10:15:00	1	0	1	0	Ct	0	1	0	6	0	4	8	10	6	0	12	0	0	0	2	0	15	0	5	9	7	7	0	7	0	15	0	0	3	0	0	0	0	15
188	12 May 26	10:20:00	1	0	1	0	Ct	0	1	1	4	1	0	6	8	5	0	10	0	0	0	0	0	12	0	4	0	12	2	0	4	0	11	0	0	5	0	0	0	0	28
189	12 May 26	10:25:00	1	0	1	0	Ct	0	1	0	1	0	1	9	6	5	0	6	0	0	0	0	0	10	0	13	3	9	4	0	4	0	11	0	0	5	0	0	0	0	1
190	12 May 26	10:30:00	1	0	1	0	Ct	0	1	0	0	1	4	5	9	6	0	8	0	0	0	0	0	14	0	0	5	8	6	0	1	0	9	0	0	4	0	0	0	4	3
191	12 May 26	10:35:00	1	0	1	0	Ct	0	1	0	22	0	0	6	5	2	0	5	0	0	0	7	0	12	0	1	10	7	0	0	12	0	9	0	0	5	14	0	0	5	0
192	12 May 26	10:40:00	1	0	1	0	Ct	0	1	0	2	0	0	4	2	4	0	5	0	0	0	2	0	11	0	13	9	11	6	0	2	0	3	0	0	4	0	0	0	0	0
193	12 May 26	10:45:00	1	0	1	0	Ct	0	1	0	0	0	0	5	4	10	0	5	0	0	0	4	0	25	0	7	19	3	5	4	4	0	8	0	0	4	3	0	0	0	16
194	12 May 26	10:50:00	1	0	1	0	Ct	0	1	0	0	0	0	2	4	4	0	4	0	0	0	5	0	22	0	0	4	9	8	0	3	0	4	0	0	6	0	0	0	0	16
195	12 May 26	10:55:00	1	0	1	0	Ct	0	1	0	0	3	0	6	4	7	0	2	0	0	0	0	0	13	0	0	0	5	3	5	3	0	6	0	0	6	0	0	0	9	2
196	12 May 26	11:00:00	1	0	1	0	Ct	0	1	0	0	0	3	6	2	0	0	2	0	0	0	3	0	23	0	2	2	2	7	0	0	0	0	0	0	3	2	0	0	4	2
197	12 May 26	11:05:00	1	0	1	0	Ct	0	1	0	0	2	17	9	7	9	0	4	0	0	0	6	0	18	0	12	7	0	1	0	0	0	12	0	0	2	0	0	0	0	0
198	12 May 26	11:10:00	1	0	1	0	Ct	0	1	0	1	3	0	4	1	7	0	0	0	0	0	10	0	15	0	5	2	3	4	0	0	0	3	0	0	0	2	0	0	0	0
199	12 May 26	11:15:00	1	0	1	0	Ct	0	1	0	5	36	0	6	2	3	0	0	0	0	0	0	0	11	0	0	0	5	0	0	0	0	4	0	0	7	0	0	0	0	0
200	12 May 26	11:20:00	1	0	1	0	Ct	0	1	0	0	5	0	2	1	4	0	0	0	0	0	0	0	13	0	6	1	0	3	0	0	0	3	0	0	3	0	0	0	0	0
201	12 May 26	11:25:00	1	0	1	0	Ct	0	1	0	0	5	0	3	7	0	0	4	0	0	0	0	0	12	23	12	2	0	7	0	0	0	0	0	0	0	5	0	0	0	0
202	12 May 26	11:30:00	1	0	1	0	Ct	0	1	0	0	0	0	6	1	0	0	5	0	0	0	4	0	12	18	3	2	5	0	0	0	0	0	0	0	5	0	0	0	0	0
203	12 May 26	11:35:00	1	0	1	0	Ct	0	1	0	0	2	2	5	3	0	0	2	0	0	0	0	0	12	0	1	4	3	4	0	0	0	4	0	0	0	0	0	0	0	0
204	12 May 26	11:40:00	1	0	1	0	Ct	0	1	14	0	1	2	0	2	0	0	1	0	0	0	0	0	15	1	2	7	2	9	0	0	0	2	0	0	1	0	0	0	0	23
205	12 May 26	11:45:00	1	0	1	0	Ct	0	1	49	0	1	0	5	4	0	0	2	0	0	0	5	0	18	0	0	2	2	0	0	0	0	2	0	0	3	0	0	0	0	0
206	12 May 26	11:50:00	1	0	1	0	Ct	0	1	11	0	5	0	0	4	0	0	10	0	0	0	0	0	9	0	0	0	0	2	0	2	0	0	0	0	2	0	0	0	0	0
207	12 May 26	11:55:00	1	0	1	0	Ct	0	1	35	0	1	0	6	0	0	0	3	0	0	0	0	0	12	0	1	2	5	4	0	0	0	2	0	0	2	6	0	0	0	7
208	12 May 26	12:00:00	1	0	1	0	Ct	0	1	6	1	2	0	2	4	0	0	3	0	0	0	0	0	13	1	3	2	8	0	0	0	0	6	0	0	17	0	0	0	0	5
209	12 May 26	12:05:00	1	0	1	0	Ct	0	1	20	0	8	0	2	2	0	0	2	0	0	0	0	0	12	0	0	0	6	2	2	0	0	4	0	0	0	0	0	0	0	0
210	12 May 26	12:10:00	1	0	1	0	Ct	0	1	1	0	4	0	0	2	0	0	1	0	0	0	0	0	19	26	0	0	3	0	0	0	0	0	0	0	1	0	0	0	0	0
211	12 May 26	12:15:00	1	0	1	0	Ct	0	1	31	0	1	0	2	2	0	0	2	0	0	0	0	0	8	15	0	5	0	0	1	0	0	4	0	0	4	0	0	0	0	3
212	12 May 26	12:20:00	1	0	1	0	Ct	0	1	20	0	1	0	11	0	0	0	0	0	0	0	0	0	10	0	0	7	0	0	0	0	0	9	0	0	3	0	0	0	4	0
213	12 May 26	12:25:00	1	0	1	0	Ct	0	1	36	1	0	6	9	4	9	0	3	0	0	1	9	0	11	0	2	4	3	6	2	0	0	21	1	0	5	0	0	0	13	3
214	12 May 26	12:30:00	1	0	1	0	Ct	0	1	11	1	2	2	2	2	2	0	2	0	0	0	3	0	11	0	5	0	0	4	1	12	0	0	0	0	4	5	0	0	0	0
215	12 May 26	12:35:00	1	0	1	0	Ct	0	1	0	0	2	0	0	2	9	0	1	0	0	0	1	0	12	0	1	0	0	12	0	1	0	0	0	0	0	0	0	0	0	0
216	12 May 26	12:40:00	1	0	1	0	Ct	0	1	0	0	2	0	7	2	1	0	0	0	0	0	0	0	7	0	0	0	2	2	0	1	0	0	0	0	1	0	0	0	0	3
217	12 May 26	12:45:00	1	0	1	0	Ct	0	1	0	0	1	0	1	2	1	0	2	0	0	0	0	1	11	3	0	0	0	0	0	4	0	0	0	0	1	0	0	0	0	3
218	12 May 26	12:50:00	1	0	1	0	Ct	0	1	0	0	3	0	0	2	0	0	0	0	0	0	0	0	12	9	4	1	5	1	0	2	0	0	0	0	1	0	0	0	0	0
219	12 May 26	12:55:00	1	0	1	0	Ct	0	1	0	0	3	0	0	2	0	0	5	0	0	0	0	1	10	0	1	2	0	3	0	3	15	0	0	0	2	1	0	0	0	6
220	12 May 26	13:00:00	1	0	1	0	Ct	0	1	0	0	2	7	0	2	0	0	3	0	0	0	0	59	8	0	0	2	1	2	0	4	0	0	0	0	0	2	0	0	2	0
221	12 May 26	13:05:00	1	0	1	0	Ct	0	1	6	0	4	26	6	3	0	0	3	0	0	0	5	0	9	0	1	5	0	0	0	0	0	8	0	0	5	0	0	0	0	0
222	12 May 26	13:10:00	1	0	1	0	Ct	0	1	7	0	4	0	2	1	0	0	3	0	0	0	6	0	8	0	1	0	0	0	0	0	0	2	0	0	5	0	0	0	0	2
223	12 May 26	13:15:00	1	0	1	0	Ct	0	1	0	0	3	0	4	0	0	0	0	0	0	0	2	0	15	0	2	2	21	0	0	0	0	0	0	0	0	0	0	0	0	6
224	12 May 26	13:20:00	1	0	1	0	Ct	0	1	25	0	4	2	2	0	0	0	1	0	0	0	0	0	12	0	17	7	3	0	3	0	0	0	0	0	9	0	0	0	3	2
225	12 May 26	13:25:00	1	0	1	0	Ct	0	1	2	0	2	0	0	0	0	0	1	0	0	0	0	0	14	0	44	11	0	0	0	0	0	0	0	0	1	0	0	0	2	2
226	12 May 26	13:30:00	1	0	1	0	Ct	0	1	5	0	3	0	0	0	0	0	2	0	0	0	0	0	18	1	1	0	0	0	1	0	0	0	0	0	1	0	0	0	3	0
227	12 May 26	13:35:00	1	0	1	0	Ct	0	1	15	0	0	0	0	4	0	0	0	0	0	0	0	0	8	44	0	1	0	0	0	0	0	0	0	0	6	0	0	0	0	0
228	12 May 26	13:40:00	1	0	1	0	Ct	0	1	2	0	5	5	0	0	0	0	3	0	0	0	0	0	8	17	3	4	1	0	0	0	0	2	0	0	1	0	0	0	6	0
229	12 May 26	13:45:00	1	0	1	0	Ct	0	1	1	16	2	3	0	0	0	0	4	0	0	0	0	0	13	0	39	0	2	0	0	0	0	0	0	0	6	0	0	0	5	0
230	12 May 26	13:50:00	1	0	1	0	Ct	0	1	0	0	2	0	2	4	0	0	4	0	0	0	0	0	5	0	5	0	1	5	0	0	0	0	0	0	0	0	0	0	0	2
231	12 May 26	13:55:00	1	0	1	0	Ct	0	1	0	0	1	0	0	2	0	0	2	0	0	0	9	0	14	0	3	15	0	8	0	0	0	0	0	0	0	5	0	0	8	10
232	12 May 26	14:00:00	1	0	1	0	Ct	0	1	0	0	0	0	0	1	0	0	2	0	0	0	9	0	7	23	7	10	0	4	0	0	0	0	0	0	2	0	0	0	0	9
233	12 May 26	14:05:00	1	0	1	0	Ct	0	1	0	0	0	0	0	3	0	0	3	0	0	0	8	0	10	19	0	0	10	0	0	0	0	0	0	0	1	0	0	0	0	1
234	12 May 26	14:10:00	1	0	1	0	Ct	0	1	0	11	2	0	0	0	0	0	2	0	0	0	0	0	5	0	0	3	3	1	0	4	0	0	0	0	0	0	0	0	4	0
235	12 May 26	14:15:00	1	0	1	0	Ct	0	1	0	3	7	0	1	0	0	0	0	0	0	0	0	0	7	2	2	9	2	3	0	1	0	0	0	0	2	0	0	0	0	0
236	12 May 26	14:20:00	1	0	1	0	Ct	0	1	0	0	0	0	0	0	0	0	0	0	0	0	0	0	10	0	0	0	1	5	0	0	0	0	0	0	6	10	0	0	0	0
237	12 May 26	14:25:00	1	0	1	0	Ct	0	1	0	1	0	0	0	0	0	0	2	0	0	0	0	0	0	0	2	14	7	0	0	0	0	0	0	0	1	2	0	0	0	0
238	12 May 26	14:30:00	1	0	1	0	Ct	0	1	0	0	1	8	1	0	0	0	2	0	0	0	4	0	6	0	0	3	0	0	8	0	0	0	0	0	5	0	0	0	10	1
239	12 May 26	14:35:00	1	0	1	0	Ct	0	1	2	6	3	5	1	0	0	0	2	0	0	0	0	0	4	0	7	3	0	0	0	0	0	3	0	0	1	0	0	0	1	0
240	12 May 26	14:40:00	1	0	1	0	Ct	0	1	0	20	0	9	0	1	0	0	0	0	0	17	0	0	11	0	6	12	3	5	0	0	0	1	0	0	1	0	0	0	1	2
241	12 May 26	14:45:00	1	0	1	0	Ct	0	1	0	67	1	0	0	1	0	0	1	0	0	0	2	0	0	0	0	2	1	3	0	0	0	2	0	0	3	3	0	0	0	0
242	12 May 26	14:50:00	1	0	1	0	Ct	0	1	1	2	4	0	6	4	0	0	4	0	0	2	1	0	17	0	2	1	0	0	0	0	13	0	0	0	4	3	0	0	4	6
243	12 May 26	14:55:00	1	0	1	0	Ct	0	1	1	0	1	0	0	3	0	0	1	0	0	0	1	0	0	0	0	1	5	0	0	0	0	0	0	0	1	0	0	0	0	0
244	12 May 26	15:00:00	1	0	1	0	Ct	0	1	1	3	2	0	1	1	0	0	1	0	0	0	3	0	2	0	7	5	2	0	0	0	0	3	0	0	1	0	0	0	0	0
245	12 May 26	15:05:00	1	0	1	0	Ct	0	1	0	9	0	0	1	1	0	0	3	0	0	0	0	0	11	0	2	0	4	0	0	0	0	2	0	0	0	12	0	0	3	0
246	12 May 26	15:10:00	1	0	1	0	Ct	0	1	0	3	4	5	0	1	0	0	2	0	0	0	4	0	0	0	1	2	3	0	0	0	5	2	0	0	0	0	0	0	11	0
247	12 May 26	15:15:00	1	0	1	0	Ct	0	1	0	11	2	2	1	0	0	0	4	0	0	0	5	0	3	0	1	2	1	0	0	1	55	5	0	0	4	2	0	0	3	0
248	12 May 26	15:20:00	1	0	1	0	Ct	0	1	2	2	0	0	4	0	0	0	0	0	0	0	0	0	0	0	4	0	2	0	0	3	23	0	0	0	0	4	0	0	0	2
249	12 May 26	15:25:00	1	0	1	0	Ct	0	1	7	0	0	2	0	0	0	0	1	0	0	0	2	0	0	0	8	5	1	0	0	5	0	0	0	0	0	5	0	0	0	0
250	12 May 26	15:30:00	1	0	1	0	Ct	0	1	1	2	0	0	4	0	0	0	1	0	0	0	2	0	11	4	4	3	3	0	0	4	1	0	0	0	0	0	0	0	7	2
251	12 May 26	15:35:00	1	0	1	0	Ct	0	1	7	7	1	0	0	0	0	0	0	0	0	0	0	0	0	21	0	3	1	9	0	3	12	0	0	0	1	0	0	0	44	6
252	12 May 26	15:40:00	1	0	1	0	Ct	0	1	3	0	5	2	0	0	0	0	0	0	0	0	0	0	3	0	5	0	2	7	0	1	0	2	0	0	1	0	0	0	0	0
253	12 May 26	15:45:00	1	0	1	0	Ct	0	1	1	1	1	6	3	0	0	0	1	0	0	0	0	0	5	10	6	1	2	4	0	1	21	0	0	0	0	0	0	0	0	0
254	12 May 26	15:50:00	1	0	1	0	Ct	0	1	0	9	1	0	0	0	0	0	0	0	0	0	1	0	7	0	5	3	2	0	0	2	44	0	0	0	0	0	0	0	0	2
255	12 May 26	15:55:00	1	0	1	0	Ct	0	1	8	2	0	0	0	0	0	0	5	0	0	0	11	0	6	0	1	3	3	2	0	1	0	6	0	0	2	7	0	0	0	1
256	12 May 26	16:00:00	1	0	1	0	Ct	0	1	6	0	1	3	0	0	0	0	0	0	0	0	1	0	1	0	0	1	3	9	0	0	5	0	0	0	5	2	0	0	2	3
257	12 May 26	16:05:00	1	0	1	0	Ct	0	1	2	13	7	2	1	2	0	0	0	0	0	0	0	0	0	0	2	0	2	0	0	0	0	0	0	0	1	0	0	0	2	0
258	12 May 26	16:10:00	1	0	1	0	Ct	0	1	2	2	1	2	0	2	0	0	0	0	0	4	0	0	0	0	1	7	2	0	0	0	4	0	0	0	0	0	0	0	0	1
259	12 May 26	16:15:00	1	0	1	0	Ct	0	1	8	0	0	0	1	0	0	0	1	0	0	0	0	0	13	0	1	5	0	8	0	0	0	0	0	0	0	0	0	0	5	7
260	12 May 26	16:20:00	1	0	1	0	Ct	0	1	29	0	0	0	1	0	0	0	0	0	0	0	0	0	4	0	0	0	2	3	17	0	0	3	0	0	0	0	0	0	1	6
261	12 May 26	16:25:00	1	0	1	0	Ct	0	1	17	0	0	0	0	0	0	0	2	0	0	0	1	0	0	0	1	1	1	0	0	0	0	4	0	0	1	8	0	0	2	12
262	12 May 26	16:30:00	1	0	1	0	Ct	0	1	13	0	2	0	0	0	0	0	3	0	0	0	1	0	9	0	6	0	0	2	0	0	2	3	0	0	0	0	0	0	2	0
263	12 May 26	16:35:00	1	0	1	0	Ct	0	1	1	1	6	0	0	0	0	0	0	0	0	0	1	0	0	0	1	1	3	1	0	0	0	0	0	0	3	0	0	0	0	9
264	12 May 26	16:40:00	1	0	1	0	Ct	0	1	2	6	2	0	4	0	0	0	4	0	0	0	22	0	0	0	5	0	4	5	0	12	6	0	0	0	1	9	0	0	0	7
265	12 May 26	16:45:00	1	0	1	0	Ct	0	1	0	3	0	1	2	0	0	0	1	0	0	0	14	0	1	0	6	5	0	0	0	2	0	2	0	0	1	0	0	0	15	0
266	12 May 26	16:50:00	1	0	1	0	Ct	0	1	0	2	0	5	1	0	0	0	0	0	0	4	6	0	0	0	3	2	2	0	0	0	1	2	0	0	2	0	0	0	1	0
267	12 May 26	16:55:00	1	0	1	0	Ct	0	1	0	3	0	10	0	0	0	0	0	0	0	0	0	0	36	0	2	0	2	1	0	5	3	0	0	0	2	0	0	0	0	0
268	12 May 26	17:00:00	1	0	1	0	Ct	0	1	0	4	2	0	1	0	0	0	0	0	0	0	2	0	4	0	0	2	0	3	0	2	6	2	0	0	0	0	0	0	0	0
269	12 May 26	17:05:00	1	0	1	0	Ct	0	1	0	7	0	0	3	1	0	0	0	0	0	0	0	0	1	0	6	0	3	16	0	4	2	4	0	0	0	8	0	0	0	2
270	12 May 26	17:10:00	1	0	1	0	Ct	0	1	2	2	0	0	3	1	0	0	0	0	0	0	1	0	2	0	0	4	2	1	0	0	0	2	0	0	0	0	0	0	1	2
271	12 May 26	17:15:00	1	0	1	0	Ct	0	1	5	0	0	2	0	0	0	0	0	0	0	0	1	0	3	0	0	1	2	1	0	0	0	0	0	0	0	0	0	0	0	13
272	12 May 26	17:20:00	1	0	1	0	Ct	0	1	0	0	0	0	0	4	0	0	0	0	0	1	0	0	1	0	2	4	1	3	0	0	3	0	0	0	0	10	0	0	0	7
273	12 May 26	17:25:00	1	0	1	0	Ct	0	1	0	0	0	0	1	0	0	0	2	0	0	9	0	0	1	0	0	1	1	2	7	2	1	2	0	0	0	5	0	0	5	0
274	12 May 26	17:30:00	1	0	1	0	Ct	0	1	11	4	0	5	0	0	0	0	3	0	0	2	0	0	3	0	4	1	0	2	0	0	3	2	0	0	0	3	0	0	2	0
275	12 May 26	17:35:00	1	0	1	0	Ct	0	1	1	6	0	0	0	0	0	0	4	0	0	0	0	1	1	0	2	13	0	0	8	3	0	0	0	0	2	0	0	0	3	3
276	12 May 26	17:40:00	1	0	1	0	Ct	0	1	1	3	0	0	0	0	0	0	3	0	0	0	7	1	2	0	4	2	1	0	4	4	0	0	0	0	2	0	0	0	5	0
277	12 May 26	17:45:00	1	0	1	0	Ct	0	1	0	1	0	0	0	0	0	0	0	0	0	0	0	0	9	0	2	4	0	2	0	0	0	0	0	0	1	4	0	0	0	2
278	12 May 26	17:50:00	1	0	1	0	Ct	0	1	0	1	0	0	1	0	0	0	2	0	0	0	0	0	0	0	0	0	2	1	5	1	0	0	0	0	0	2	0	0	13	2
279	12 May 26	17:55:00	1	0	1	0	Ct	0	1	10	1	0	0	0	0	0	0	3	0	0	0	0	0	3	7	1	8	5	1	0	2	0	0	0	0	0	1	0	0	1	2
280	12 May 26	18:00:00	1	0	1	0	Ct	0	1	13	0	0	0	0	0	0	0	3	0	0	0	1	0	3	0	2	5	7	7	0	1	0	0	0	0	0	0	0	0	0	3
281	12 May 26	18:05:00	1	0	1	0	Ct	0	1	23	10	0	2	1	2	0	0	1	0	0	0	3	9	18	9	4	6	4	1	0	6	0	2	0	0	1	0	0	0	0	3
282	12 May 26	18:10:00	1	0	1	0	Ct	0	1	9	0	0	2	1	5	0	0	0	0	0	0	8	11	2	1	23	5	5	0	0	2	0	0	0	0	0	0	0	0	7	2
283	12 May 26	18:15:00	1	0	1	0	Ct	0	1	4	2	0	0	0	2	0	0	2	0	0	0	5	24	0	71	3	0	4	0	0	0	0	0	0	0	1	3	0	0	0	2
284	12 May 26	18:20:00	1	0	1	0	Ct	0	1	0	0	0	1	4	2	0	0	3	0	0	0	1	5	12	39	0	13	3	0	0	0	0	0	0	0	1	0	0	0	0	11
285	12 May 26	18:25:00	1	0	1	0	Ct	0	1	0	0	0	3	0	5	0	0	1	0	0	4	7	9	6	0	3	0	2	0	0	1	0	0	0	0	1	5	0	0	5	2
286	12 May 26	18:30:00	1	0	1	0	Ct	0	1	4	0	0	1	0	0	0	0	0	0	0	1	5	6	0	0	1	2	0	0	0	7	0	0	0	0	2	3	0	0	11	0
287	12 May 26	18:35:00	1	0	1	0	Ct	0	1	0	2	0	0	0	1	0	0	0	0	0	0	1	9	7	0	2	0	5	0	0	1	0	2	0	0	0	4	0	0	1	2
288	12 May 26	18:40:00	1	0	1	0	Ct	0	1	0	30	0	0	0	5	0	0	1	0	0	0	2	9	0	0	0	1	2	0	0	0	0	2	0	0	0	12	0	0	0	2
289	12 May 26	18:45:00	1	0	1	0	Ct	0	1	0	0	0	1	0	2	0	0	0	0	0	0	0	17	2	0	2	1	4	0	0	0	0	0	0	0	3	11	0	0	0	3
290	12 May 26	18:50:00	1	0	1	0	Ct	0	1	0	1	0	0	0	4	0	0	0	0	0	0	0	8	0	0	0	1	5	0	0	0	0	0	0	0	0	0	0	0	0	1
291	12 May 26	18:55:00	1	0	1	0	Ct	0	1	0	0	0	0	0	0	0	0	2	0	0	1	0	0	6	0	4	11	3	0	3	0	6	0	0	0	0	0	0	0	37	13
292	12 May 26	19:00:00	1	0	1	0	Ct	0	1	0	0	0	1	0	1	0	0	2	0	0	1	0	6	5	0	4	9	1	1	30	2	2	0	0	0	0	4	0	0	1	0
293	12 May 26	19:05:00	1	0	1	0	Ct	0	1	0	5	0	2	0	2	0	0	2	0	0	6	0	27	2	0	2	0	0	3	0	3	1	2	0	0	0	11	0	0	0	0
294	12 May 26	19:10:00	1	0	1	0	Ct	0	1	0	0	0	0	2	2	0	0	0	0	0	0	2	1	0	0	0	4	2	0	0	1	0	2	0	0	1	3	0	0	13	0
295	12 May 26	19:15:00	1	0	1	0	Ct	0	1	0	0	0	0	0	4	0	0	2	0	0	0	0	0	4	0	0	2	0	0	0	0	1	2	0	0	2	0	0	0	0	2
296	12 May 26	19:20:00	1	0	1	0	Ct	0	1	0	0	0	0	6	0	0	0	3	0	0	0	0	18	4	0	0	9	2	0	2	0	19	0	0	0	3	0	0	0	4	2
297	12 May 26	19:25:00	1	0	1	0	Ct	0	1	0	1	0	0	10	0	0	0	3	0	0	0	0	8	7	0	0	1	1	7	11	0	12	4	0	0	2	3	0	0	0	13
298	12 May 26	19:30:00	1	0	1	0	Ct	0	1	1	1	0	5	3	0	0	0	0	0	0	0	0	0	15	0	0	3	3	0	2	0	0	0	0	0	0	0	0	0	0	2
299	12 May 26	19:35:00	1	0	1	0	Ct	0	1	1	0	0	0	9	0	0	0	1	0	0	0	2	15	4	0	0	0	3	1	0	0	0	2	0	0	0	3	0	0	6	2
300	12 May 26	19:40:00	1	0	1	0	Ct	0	1	3	0	0	0	7	0	0	0	1	0	0	0	1	0	1	0	0	2	3	5	0	0	6	2	0	0	0	0	0	0	8	4
301	12 May 26	19:45:00	1	0	1	0	Ct	0	1	1	1	1	0	5	0	0	0	3	0	0	0	6	0	4	0	0	3	5	0	0	0	0	3	0	0	0	2	0	0	3	3
302	12 May 26	19:50:00	1	0	1	0	Ct	0	1	1	2	0	0	6	0	1	0	0	0	0	0	0	0	14	0	3	0	3	4	0	12	5	1	0	0	0	1	0	0	0	3
303	12 May 26	19:55:00	1	0	1	0	Ct	0	1	3	0	1	6	2	0	1	0	0	0	0	0	2	0	1	0	2	0	2	0	0	3	0	0	0	0	1	8	0	0	6	10
304	12 May 26	20:00:00	1	0	1	0	Ct	0	1	1	0	0	1	0	0	0	0	0	0	0	0	3	0	4	0	4	6	3	0	0	6	0	0	0	0	5	1	0	0	1	3
305	12 May 26	20:05:00	1	0	1	0	Ct	0	1	0	0	1	0	0	0	0	0	0	0	0	0	1	0	4	0	0	1	4	0	0	2	2	2	0	0	0	8	0	0	18	6
306	12 May 26	20:10:00	1	0	1	0	Ct	0	1	7	0	4	0	0	0	0	0	0	0	0	1	0	0	8	0	0	0	4	0	0	2	0	2	0	0	2	1	0	0	14	2
307	12 May 26	20:15:00	1	0	1	0	Ct	0	1	3	1	1	0	0	0	0	0	0	0	0	0	0	0	6	0	0	1	4	0	0	0	4	0	0	0	2	0	0	0	0	3
308	12 May 26	20:20:00	1	0	1	0	Ct	0	1	0	0	0	3	5	0	0	0	2	0	0	3	0	0	4	0	2	1	3	0	0	0	4	2	0	0	0	0	0	0	0	4
309	12 May 26	20:25:00	1	0	1	0	Ct	0	1	0	5	0	3	2	0	0	0	4	0	0	4	1	0	1	0	0	5	2	0	0	0	0	2	0	0	4	0	0	0	0	5
310	12 May 26	20:30:00	1	0	1	0	Ct	0	1	3	0	6	4	1	1	0	0	2	0	0	0	4	0	1	1	9	2	0	0	0	0	0	5	0	0	1	0	0	0	24	6
311	12 May 26	20:35:00	1	0	1	0	Ct	0	1	3	0	1	2	0	0	0	0	5	0	0	0	1	0	3	17	0	0	2	1	0	0	0	2	0	0	1	3	0	0	2	9
312	12 May 26	20:40:00	1	0	1	0	Ct	0	1	7	0	3	8	0	14	0	0	2	0	0	0	3	0	0	1	3	0	2	0	0	0	0	1	0	0	5	7	0	0	1	5
313	12 May 26	20:45:00	1	0	1	0	Ct	0	1	5	2	2	6	1	3	0	0	1	0	0	0	0	0	12	0	7	2	1	0	0	0	0	0	0	0	0	0	0	0	0	1
314	12 May 26	20:50:00	1	0	1	0	Ct	0	1	1	4	6	6	2	1	0	0	0	0	0	0	0	0	3	0	3	0	1	0	0	0	0	0	0	0	0	7	0	0	51	8
315	12 May 26	20:55:00	1	0	1	0	Ct	0	1	0	0	2	4	2	1	0	0	3	0	0	0	3	0	2	0	0	1	2	0	0	0	0	0	0	0	1	1	0	0	0	6
316	12 May 26	21:00:00	1	0	1	0	Ct	0	1	0	0	2	0	1	3	0	0	1	0	0	6	5	0	6	0	5	4	3	0	0	0	0	0	0	0	0	5	0	0	2	2
317	12 May 26	21:05:00	1	0	1	0	Ct	0	1	1	0	0	3	3	2	0	0	2	0	0	0	1	0	12	0	1	0	1	0	0	7	5	2	0	0	2	0	0	0	0	1
318	12 May 26	21:10:00	1	0	1	0	Ct	0	1	1	8	0	6	0	2	2	0	1	0	0	0	0	0	12	0	3	2	3	0	0	8	3	2	0	0	2	4	0	0	18	1
319	12 May 26	21:15:00	1	0	1	0	Ct	0	1	0	0	0	9	7	0	0	0	1	0	0	0	0	0	6	0	6	0	9	0	8	0	2	2	0	0	2	8	0	0	0	6
320	12 May 26	21:20:00	1	0	1	0	Ct	0	1	0	2	0	22	2	2	0	0	2	0	0	0	0	0	7	0	2	0	2	0	0	0	3	4	0	0	2	6	0	0	7	0
321	12 May 26	21:25:00	1	0	1	0	Ct	0	1	0	1	4	0	0	0	0	0	0	0	0	1	10	0	15	0	0	9	3	0	3	2	6	4	0	0	0	0	0	0	1	0
322	12 May 26	21:30:00	1	0	1	0	Ct	0	1	4	0	1	0	2	4	0	0	0	0	0	0	1	0	6	0	1	3	2	0	0	2	1	0	0	0	1	0	0	0	0	0
323	12 May 26	21:35:00	1	0	1	0	Ct	0	1	1	1	1	2	2	5	0	0	2	0	0	0	2	0	3	0	2	3	1	0	0	0	0	0	0	0	1	3	0	0	0	0
324	12 May 26	21:40:00	1	0	1	0	Ct	0	1	7	2	4	3	5	1	0	0	0	0	0	0	3	0	2	0	0	2	2	0	0	0	0	2	0	0	5	4	0	0	2	0
325	12 May 26	21:45:00	1	0	1	0	Ct	0	1	0	8	2	5	0	1	0	0	4	0	0	3	1	0	5	0	0	4	3	0	0	0	0	2	0	0	0	3	0	0	5	5
326	12 May 26	21:50:00	1	0	1	0	Ct	0	1	0	1	0	5	2	0	0	0	0	0	0	0	0	0	19	0	0	0	4	0	0	3	0	0	0	0	3	0	0	0	2	0
327	12 May 26	21:55:00	1	0	1	0	Ct	0	1	0	0	1	2	6	2	0	0	4	0	0	0	2	0	8	0	0	3	3	0	0	0	0	4	0	0	2	2	0	0	2	1
328	12 May 26	22:00:00	1	0	1	0	Ct	0	1	4	0	1	0	6	4	0	0	2	0	0	0	0	0	11	0	1	0	4	0	0	0	0	7	0	0	1	3	0	0	0	42
329	12 May 26	22:05:00	1	0	1	0	Ct	0	1	9	1	13	0	13	4	0	0	6	0	0	0	9	5	25	0	2	4	7	0	0	4	0	2	0	0	5	9	0	0	0	8
330	12 May 26	22:10:00	1	0	1	0	Ct	0	0	4	0	16	0	12	0	0	0	5	0	0	0	5	0	13	0	2	0	6	0	0	0	0	2	0	0	4	0	0	0	3	9
331	12 May 26	22:15:00	1	0	1	0	Ct	0	0	8	0	0	2	16	0	5	0	4	0	0	0	5	0	20	0	0	5	6	0	0	0	0	0	0	0	4	4	0	0	0	0
332	12 May 26	22:20:00	1	0	1	0	Ct	0	0	11	0	10	2	11	0	0	0	6	0	0	0	1	0	13	0	0	5	5	0	0	0	0	46	0	0	2	4	0	0	0	2
333	12 May 26	22:25:00	1	0	1	0	Ct	0	0	11	1	0	0	4	0	0	0	6	0	0	0	1	0	15	0	16	1	1	3	0	0	0	4	0	0	0	0	0	0	0	0
334	12 May 26	22:30:00	1	0	1	0	Ct	0	0	6	0	6	0	3	0	0	0	4	0	0	0	8	0	18	0	4	2	8	2	0	3	0	3	0	0	0	2	0	0	9	9
335	12 May 26	22:35:00	1	0	1	0	Ct	0	0	4	0	0	0	2	0	0	0	1	0	0	8	8	7	20	0	0	7	0	1	0	1	0	0	0	0	1	3	0	0	1	7
336	12 May 26	22:40:00	1	0	1	0	Ct	0	0	7	0	0	0	0	0	0	0	1	0	0	0	2	16	29	0	5	6	6	0	0	0	1	0	0	0	3	4	0	0	9	0
337	12 May 26	22:45:00	1	0	1	0	Ct	0	0	7	1	0	0	0	0	1	0	2	0	0	0	6	20	27	0	32	0	14	0	0	0	0	0	0	0	0	0	0	0	0	0
338	12 May 26	22:50:00	1	0	1	0	Ct	0	0	4	0	0	0	2	0	4	0	5	0	0	0	8	17	24	0	19	2	5	0	0	0	0	0	0	0	0	2	0	0	0	0
339	12 May 26	22:55:00	1	0	1	0	Ct	0	0	7	0	0	0	7	0	0	0	1	0	0	6	3	0	8	0	3	6	0	0	0	0	0	4	0	0	0	12	0	0	0	0
340	12 May 26	23:00:00	1	0	1	0	Ct	0	0	5	0	0	2	0	0	0	0	0	0	0	0	7	0	16	0	0	3	1	0	0	0	0	4	0	0	0	9	0	0	0	0
341	12 May 26	23:05:00	1	0	1	0	Ct	0	0	4	0	0	4	0	0	0	0	0	0	0	0	4	0	11	0	0	1	1	6	0	0	0	0	0	0	1	12	0	0	6	0
342	12 May 26	23:10:00	1	0	1	0	Ct	0	0	9	0	0	0	0	0	0	0	0	0	0	0	7	0	15	0	0	0	4	2	1	0	0	0	0	0	3	11	0	0	0	4
343	12 May 26	23:15:00	1	0	1	0	Ct	0	0	4	0	0	0	7	0	0	0	0	0	0	0	4	0	13	0	0	0	3	1	0	0	0	0	0	0	3	0	0	0	0	12
344	12 May 26	23:20:00	1	0	1	0	Ct	0	0	6	0	0	0	0	0	0	0	2	0	0	0	8	0	8	0	9	0	1	4	5	0	0	0	0	0	0	0	0	0	0	0
345	12 May 26	23:25:00	1	0	1	0	Ct	0	0	13	0	0	0	0	0	0	0	4	0	0	0	12	0	12	54	0	0	0	0	3	0	0	0	0	0	11	5	0	0	0	9
346	12 May 26	23:30:00	1	0	1	0	Ct	0	0	5	0	0	0	7	0	0	0	1	0	0	0	12	0	18	16	0	4	0	2	0	0	0	2	0	0	0	4	0	0	0	7
347	12 May 26	23:35:00	1	0	1	0	Ct	0	0	3	5	0	0	11	0	0	0	2	0	0	0	13	0	10	8	0	4	3	0	0	0	1	2	0	0	0	0	0	0	0	4
348	12 May 26	23:40:00	1	0	1	0	Ct	0	0	6	0	0	0	16	0	0	0	11	0	0	3	13	0	2	0	0	0	0	0	21	0	10	0	0	0	0	3	0	0	0	5
349	12 May 26	23:45:00	1	0	1	0	Ct	0	0	3	0	0	0	19	0	0	0	14	0	0	3	7	0	11	33	0	0	2	0	17	0	10	13	0	0	0	0	0	0	0	5
350	12 May 26	23:50:00	1	0	1	0	Ct	0	0	11	1	0	0	15	0	0	0	7	0	0	0	10	0	8	14	0	0	2	0	0	0	5	0	0	0	4	7	0	0	5	1
351	12 May 26	23:55:00	1	0	1	0	Ct	0	0	5	0	0	0	12	0	0	0	0	0	0	8	1	0	11	7	0	4	0	0	0	0	0	2	0	0	1	4	0	0	4	2
352	13 May 26	00:00:00	1	0	1	0	Ct	0	0	12	0	0	0	0	0	0	0	3	0	0	2	5	0	14	5	0	0	4	0	0	0	0	0	0	0	4	11	0	0	3	3
353	13 May 26	00:05:00	1	0	1	0	Ct	0	0	3	0	0	0	0	0	0	0	11	0	0	1	3	0	4	0	0	0	0	0	0	0	13	0	0	0	0	0	0	0	6	19
354	13 May 26	00:10:00	1	0	1	0	Ct	0	0	1	1	0	0	2	0	0	0	23	0	0	0	14	0	10	3	0	0	0	4	0	0	1	0	0	0	0	0	0	0	18	2
355	13 May 26	00:15:00	1	0	1	0	Ct	0	0	7	0	0	0	0	0	0	0	0	0	0	3	10	0	14	4	0	0	0	8	0	0	0	0	0	0	0	3	0	0	0	2
356	13 May 26	00:20:00	1	0	1	0	Ct	0	0	4	0	0	0	0	0	0	0	0	0	0	2	1	0	40	19	0	3	0	0	0	0	0	0	0	0	0	0	0	0	0	2
357	13 May 26	00:25:00	1	0	1	0	Ct	0	0	8	2	0	0	0	0	0	0	1	0	0	1	5	0	15	0	0	0	3	19	0	0	0	0	0	0	0	0	0	0	5	0
358	13 May 26	00:30:00	1	0	1	0	Ct	0	0	2	0	0	0	0	0	0	0	5	0	0	8	5	0	25	0	0	0	2	0	0	0	0	0	0	0	0	1	0	0	4	0
359	13 May 26	00:35:00	1	0	1	0	Ct	0	0	4	6	0	0	0	0	0	0	0	0	0	0	2	0	2	0	0	0	3	0	0	0	0	0	0	0	0	2	0	0	0	0
360	13 May 26	00:40:00	1	0	1	0	Ct	0	0	4	0	0	0	0	0	0	0	0	0	0	5	0	0	4	0	0	0	5	0	0	0	1	3	0	0	0	2	0	0	0	4
361	13 May 26	00:45:00	1	0	1	0	Ct	0	0	4	0	0	0	0	0	0	0	0	0	0	0	2	0	11	0	0	7	2	0	0	0	4	0	0	0	0	4	0	0	0	7
362	13 May 26	00:50:00	1	0	1	0	Ct	0	0	4	0	0	0	0	0	0	0	0	0	0	0	0	0	11	0	0	0	2	0	0	0	0	0	0	0	0	0	0	0	0	6
363	13 May 26	00:55:00	1	0	1	0	Ct	0	0	4	0	0	0	0	0	0	0	0	0	0	0	5	0	5	0	0	0	0	0	0	0	36	0	0	0	0	0	0	0	0	2
364	13 May 26	01:00:00	1	0	1	0	Ct	0	0	2	0	11	0	0	0	0	0	0	0	0	0	0	0	4	0	0	0	0	0	0	0	0	0	0	0	0	0	0	0	0	0
365	13 May 26	01:05:00	1	0	1	0	Ct	0	0	4	0	4	0	0	0	0	0	0	0	0	0	2	0	0	0	0	4	0	0	0	0	0	0	0	0	1	6	0	0	0	0
366	13 May 26	01:10:00	1	0	1	0	Ct	0	0	4	0	2	0	0	0	0	0	0	0	0	0	0	0	1	0	0	2	0	0	0	0	4	0	0	0	1	4	0	0	0	0
367	13 May 26	01:15:00	1	0	1	0	Ct	0	0	3	0	0	0	0	0	0	0	0	0	0	0	0	0	3	0	0	0	0	0	0	0	0	0	0	0	0	0	0	0	0	6
368	13 May 26	01:20:00	1	0	1	0	Ct	0	0	5	4	6	0	0	0	0	0	0	0	0	0	0	0	0	0	4	0	2	0	0	0	0	0	0	0	0	8	0	0	0	1
369	13 May 26	01:25:00	1	0	1	0	Ct	0	0	2	0	0	0	0	0	0	0	0	0	0	0	3	0	2	0	3	0	2	0	2	0	0	5	0	0	5	1	0	0	0	4
370	13 May 26	01:30:00	1	0	1	0	Ct	0	0	7	0	3	0	0	0	0	0	0	0	0	0	1	0	4	0	0	0	3	0	0	0	0	0	0	0	16	4	0	0	0	0
371	13 May 26	01:35:00	1	0	1	0	Ct	0	0	8	0	0	0	0	0	0	0	0	0	0	0	1	0	0	0	4	0	0	0	0	0	0	0	0	0	32	2	0	0	1	0
372	13 May 26	01:40:00	1	0	1	0	Ct	0	0	0	0	0	0	0	0	0	0	0	0	0	0	3	0	5	0	0	0	0	0	15	0	0	0	0	0	3	0	0	0	0	5
373	13 May 26	01:45:00	1	0	1	0	Ct	0	0	4	0	0	0	0	0	0	0	1	0	0	0	0	0	1	0	0	4	0	0	0	0	0	0	0	0	0	0	0	0	0	3
374	13 May 26	01:50:00	1	0	1	0	Ct	0	0	1	2	0	0	0	0	0	0	0	0	0	0	0	0	1	0	0	0	0	0	0	0	0	0	0	0	0	0	0	0	0	7
375	13 May 26	01:55:00	1	0	1	0	Ct	0	0	3	0	0	0	0	0	0	0	0	0	0	0	0	0	0	0	0	0	0	0	4	0	0	0	0	0	0	0	0	0	0	9
376	13 May 26	02:00:00	1	0	1	0	Ct	0	0	0	0	0	0	0	0	0	0	0	0	0	0	0	0	0	0	0	0	6	0	1	0	0	0	0	0	0	0	0	0	0	0
377	13 May 26	02:05:00	1	0	1	0	Ct	0	0	51	1	0	0	0	0	0	0	0	0	0	0	0	0	0	0	0	0	0	0	6	0	0	0	0	0	0	0	0	0	2	2
378	13 May 26	02:10:00	1	0	1	0	Ct	0	0	2	0	0	0	0	0	0	0	0	0	0	0	0	0	11	0	0	2	0	0	0	0	0	0	0	0	0	6	0	0	1	0
379	13 May 26	02:15:00	1	0	1	0	Ct	0	0	5	0	0	0	0	0	0	0	0	0	0	0	0	0	6	0	0	0	3	0	1	0	0	0	0	0	0	2	0	0	0	20
380	13 May 26	02:20:00	1	0	1	0	Ct	0	0	2	0	0	0	0	0	0	0	0	0	0	0	0	0	3	0	0	0	2	0	0	0	0	0	0	0	0	0	0	0	0	0
381	13 May 26	02:25:00	1	0	1	0	Ct	0	0	6	20	0	0	0	0	0	0	3	0	0	0	0	0	0	0	3	0	0	0	2	0	0	0	0	0	0	0	0	0	0	1
382	13 May 26	02:30:00	1	0	1	0	Ct	0	0	0	0	0	0	0	0	0	0	2	0	0	0	0	0	34	0	0	0	0	0	0	0	0	0	0	0	0	0	0	0	6	0
383	13 May 26	02:35:00	1	0	1	0	Ct	0	0	0	0	0	0	0	0	0	0	0	0	0	0	0	0	3	0	0	2	0	0	0	0	0	0	0	0	0	0	0	0	0	4
384	13 May 26	02:40:00	1	0	1	0	Ct	0	0	0	2	0	0	0	0	0	0	0	0	0	0	0	0	0	0	2	0	5	0	0	0	0	0	0	0	0	0	0	0	0	5
385	13 May 26	02:45:00	1	0	1	0	Ct	0	0	0	0	0	0	0	0	0	0	0	0	0	0	0	0	0	0	2	0	2	0	9	0	0	0	0	0	0	0	0	0	0	0
386	13 May 26	02:50:00	1	0	1	0	Ct	0	0	6	0	0	0	0	0	0	0	0	0	0	0	2	0	9	0	0	0	2	0	1	0	0	0	0	0	0	0	0	0	0	0
387	13 May 26	02:55:00	1	0	1	0	Ct	0	0	3	0	0	0	0	0	0	0	0	0	0	0	61	0	8	0	0	0	0	0	0	0	0	0	0	0	0	0	0	0	0	0
388	13 May 26	03:00:00	1	0	1	0	Ct	0	0	9	0	0	0	0	0	0	0	4	0	0	0	4	0	0	0	0	0	7	0	5	0	0	0	0	0	2	0	0	0	0	0
389	13 May 26	03:05:00	1	0	1	0	Ct	0	0	7	0	0	0	0	0	0	0	0	0	0	0	14	0	5	0	0	0	0	0	1	0	0	0	0	0	1	0	0	0	0	0
390	13 May 26	03:10:00	1	0	1	0	Ct	0	0	0	1	0	0	0	0	0	0	0	0	0	0	2	0	22	0	0	0	0	0	0	0	0	0	0	0	1	0	0	0	0	3
391	13 May 26	03:15:00	1	0	1	0	Ct	0	0	0	0	0	0	0	0	0	0	0	0	0	0	0	0	14	0	0	0	0	0	1	0	0	1	0	0	21	0	0	0	0	0
392	13 May 26	03:20:00	1	0	1	0	Ct	0	0	0	0	0	0	0	0	0	0	0	0	0	0	0	0	14	0	0	1	1	0	0	0	0	2	0	0	1	0	0	0	0	2
393	13 May 26	03:25:00	1	0	1	0	Ct	0	0	7	0	2	0	0	0	0	0	0	0	0	0	0	0	12	0	0	0	0	0	0	0	0	0	0	0	0	0	0	0	0	0
394	13 May 26	03:30:00	1	0	1	0	Ct	0	0	15	0	0	0	0	0	0	0	0	0	0	0	0	0	1	0	0	0	3	0	0	0	0	0	0	0	0	0	0	0	0	0
395	13 May 26	03:35:00	1	0	1	0	Ct	0	0	0	0	0	0	0	0	0	0	0	0	0	0	0	0	0	0	2	0	2	0	15	0	0	0	0	0	0	0	0	0	0	0
396	13 May 26	03:40:00	1	0	1	0	Ct	0	0	4	0	0	0	0	0	0	0	3	0	0	0	0	0	0	0	0	0	9	0	0	0	0	0	0	0	2	0	0	0	0	0
397	13 May 26	03:45:00	1	0	1	0	Ct	0	0	56	4	0	0	0	0	0	0	13	0	0	0	0	0	0	0	0	0	0	0	0	0	0	0	0	0	7	0	0	0	0	0
398	13 May 26	03:50:00	1	0	1	0	Ct	0	0	12	4	0	0	0	0	0	0	0	0	0	0	0	0	2	0	0	0	0	0	0	0	0	0	0	0	0	0	0	0	0	2
399	13 May 26	03:55:00	1	0	1	0	Ct	0	0	3	0	0	0	0	0	0	0	0	0	0	0	0	0	0	0	0	0	0	0	0	0	0	0	0	0	0	0	0	0	0	2
400	13 May 26	04:00:00	1	0	1	0	Ct	0	0	0	0	0	0	0	0	0	0	0	0	0	0	0	0	0	0	0	0	0	0	0	0	0	0	0	0	0	0	0	0	0	0
401	13 May 26	04:05:00	1	0	1	0	Ct	0	0	0	4	0	0	0	0	0	0	0	0	0	0	0	21	0	0	0	0	0	0	0	0	0	0	0	0	0	0	0	0	0	0
402	13 May 26	04:10:00	1	0	1	0	Ct	0	0	0	0	0	0	0	0	0	0	0	0	0	0	0	0	3	0	3	0	2	0	16	0	0	0	0	0	0	0	0	0	28	0
403	13 May 26	04:15:00	1	0	1	0	Ct	0	0	0	0	0	0	0	0	0	0	0	0	0	0	0	0	11	0	0	0	0	0	6	0	0	0	0	0	0	0	0	0	0	0
404	13 May 26	04:20:00	1	0	1	0	Ct	0	0	0	0	0	0	0	0	0	0	0	0	0	0	0	5	0	0	0	0	0	0	18	0	0	0	0	0	0	0	0	0	0	0
405	13 May 26	04:25:00	1	0	1	0	Ct	0	0	0	0	0	0	0	0	0	0	0	0	0	0	0	23	0	0	0	0	0	0	0	0	0	0	0	0	0	0	0	0	0	0
406	13 May 26	04:30:00	1	0	1	0	Ct	0	0	0	0	0	0	0	0	0	0	0	0	0	0	0	9	2	0	0	0	1	0	3	0	0	3	0	0	1	0	0	0	2	0
407	13 May 26	04:35:00	1	0	1	0	Ct	0	0	0	0	12	0	0	0	0	0	0	0	0	0	0	2	0	0	0	0	0	0	1	0	0	0	0	0	3	0	0	0	1	0
408	13 May 26	04:40:00	1	0	1	0	Ct	0	0	0	0	4	0	0	0	0	0	0	0	0	0	0	3	0	0	0	0	0	0	14	0	0	0	0	0	0	0	0	0	5	0
409	13 May 26	04:45:00	1	0	1	0	Ct	0	0	0	0	0	0	0	0	0	0	0	0	0	0	0	26	6	0	0	0	0	0	0	0	0	0	0	0	24	0	0	0	0	2
410	13 May 26	04:50:00	1	0	1	0	Ct	0	0	0	0	0	0	0	0	0	0	0	0	0	0	0	0	13	0	0	0	1	0	17	0	2	1	0	0	4	0	0	0	0	0
411	13 May 26	04:55:00	1	0	1	0	Ct	0	0	0	0	0	0	0	0	0	0	0	0	0	0	0	0	6	0	0	0	0	0	0	0	0	0	0	0	0	0	0	0	0	12
412	13 May 26	05:00:00	1	0	1	0	Ct	0	0	9	0	0	0	0	0	0	0	3	0	0	0	0	14	11	0	0	0	0	0	0	0	2	0	0	0	1	0	0	0	0	3
413	13 May 26	05:05:00	1	0	1	0	Ct	0	0	0	1	0	0	0	0	0	0	0	0	0	0	4	20	9	0	0	0	0	0	0	0	0	0	0	0	0	0	0	0	0	7
414	13 May 26	05:10:00	1	0	1	0	Ct	0	0	0	0	0	0	0	0	0	0	0	0	0	0	0	0	0	0	0	0	4	0	0	0	0	0	0	0	1	0	0	0	0	3
415	13 May 26	05:15:00	1	0	1	0	Ct	0	0	5	0	0	0	0	0	0	0	0	0	0	0	0	0	3	0	0	0	2	0	0	0	0	0	0	0	0	0	0	0	0	2
416	13 May 26	05:20:00	1	0	1	0	Ct	0	0	18	0	0	0	0	0	0	0	0	0	0	0	0	0	0	0	0	0	0	0	0	16	0	0	0	0	0	0	0	0	0	0
417	13 May 26	05:25:00	1	0	1	0	Ct	0	0	17	0	0	0	0	0	0	0	0	0	0	0	0	0	0	0	3	0	0	0	0	0	0	0	0	0	7	0	0	0	0	0
418	13 May 26	05:30:00	1	0	1	0	Ct	0	0	11	0	0	0	0	0	0	0	0	0	0	0	0	8	0	0	0	0	2	0	0	0	0	0	0	0	1	0	0	0	5	0
419	13 May 26	05:35:00	1	0	1	0	Ct	0	0	0	0	0	0	0	0	0	0	0	0	0	0	0	0	0	0	0	0	0	0	6	1	0	0	0	0	2	0	0	0	0	0
420	13 May 26	05:40:00	1	0	1	0	Ct	0	0	0	0	12	0	0	0	0	0	0	0	0	0	0	0	0	0	0	0	0	0	0	0	0	0	0	0	0	0	0	0	0	0
421	13 May 26	05:45:00	1	0	1	0	Ct	0	0	0	3	5	0	0	0	0	0	0	0	0	0	0	5	0	0	0	0	0	0	0	0	0	0	0	0	5	0	0	0	0	2
422	13 May 26	05:50:00	1	0	1	0	Ct	0	0	26	0	0	0	0	0	0	0	0	0	0	0	0	44	0	0	0	0	0	0	0	2	3	0	0	0	1	0	0	0	0	3
423	13 May 26	05:55:00	1	0	1	0	Ct	0	0	17	0	12	0	0	0	0	0	0	0	0	0	0	0	0	0	0	0	0	0	2	0	0	0	0	0	0	0	0	0	0	0
424	13 May 26	06:00:00	1	0	1	0	Ct	0	0	3	0	0	0	0	0	0	0	0	0	0	0	0	0	0	0	0	0	0	0	0	0	0	0	0	0	0	0	0	0	0	2
425	13 May 26	06:05:00	1	0	1	0	Ct	0	0	0	0	0	0	0	0	0	0	0	0	0	0	0	0	0	0	0	0	0	0	0	0	2	0	0	0	0	0	0	0	0	12
426	13 May 26	06:10:00	1	0	1	0	Ct	0	0	0	0	0	0	0	0	0	0	0	0	0	0	0	0	0	0	0	0	0	0	0	0	11	0	0	0	4	0	0	0	0	0
427	13 May 26	06:15:00	1	0	1	0	Ct	0	0	0	0	0	0	0	0	0	0	0	0	0	0	0	0	0	0	0	10	0	0	2	0	9	0	0	0	0	0	0	0	2	0
428	13 May 26	06:20:00	1	0	1	0	Ct	0	0	3	0	0	0	0	0	0	0	6	0	0	0	0	0	0	0	4	0	0	0	1	0	0	0	0	0	12	0	0	0	9	0
429	13 May 26	06:25:00	1	0	1	0	Ct	0	0	0	0	0	0	0	0	0	0	0	0	0	0	0	0	0	0	0	0	0	0	0	0	0	0	0	0	0	0	0	0	0	0
430	13 May 26	06:30:00	1	0	1	0	Ct	0	0	0	0	0	0	0	0	0	0	0	0	0	0	0	0	0	0	0	0	0	0	0	0	0	0	0	0	0	0	0	0	3	0
431	13 May 26	06:35:00	1	0	1	0	Ct	0	0	0	0	0	0	0	0	0	0	0	0	0	0	0	0	3	0	47	0	0	0	0	0	0	0	0	0	0	0	0	0	0	0
432	13 May 26	06:40:00	1	0	1	0	Ct	0	0	0	0	0	0	0	0	0	0	0	0	0	0	0	0	0	0	0	0	0	0	0	0	0	0	0	0	0	0	0	0	0	0
433	13 May 26	06:45:00	1	0	1	0	Ct	0	0	0	0	0	0	0	0	0	0	0	0	0	0	0	0	0	0	0	0	3	0	0	0	0	0	0	0	0	0	0	0	0	7
434	13 May 26	06:50:00	1	0	1	0	Ct	0	0	0	0	0	0	0	0	1	0	0	0	0	0	0	0	0	0	0	0	2	0	0	0	0	0	0	0	0	0	0	0	0	0
435	13 May 26	06:55:00	1	0	1	0	Ct	0	0	0	3	0	0	0	0	5	0	0	0	0	0	0	0	0	0	0	0	0	0	0	0	0	0	0	0	0	0	0	0	0	0
436	13 May 26	07:00:00	1	0	1	0	Ct	0	0	1	0	0	0	0	0	5	0	0	0	0	0	0	0	0	0	0	0	0	0	0	0	3	0	0	0	0	0	0	0	0	3
437	13 May 26	07:05:00	1	0	1	0	Ct	0	0	11	0	0	0	0	0	0	0	0	0	0	0	0	0	0	0	0	0	0	0	11	0	0	0	0	0	0	0	0	0	0	3
438	13 May 26	07:10:00	1	0	1	0	Ct	0	0	0	0	0	0	0	0	0	0	0	0	0	0	0	0	0	0	0	0	0	0	0	0	11	0	0	0	0	0	0	0	1	0
439	13 May 26	07:15:00	1	0	1	0	Ct	0	0	1	0	0	0	0	0	2	0	0	0	0	0	0	0	0	0	0	0	0	0	0	0	0	0	0	0	0	0	0	0	0	2
440	13 May 26	07:20:00	1	0	1	0	Ct	0	0	0	0	0	0	0	0	0	0	0	0	0	0	0	0	0	0	0	0	0	0	0	0	0	0	0	0	0	0	0	0	0	0
441	13 May 26	07:25:00	1	0	1	0	Ct	0	0	6	0	0	0	0	0	3	0	0	0	0	0	0	0	0	0	0	0	0	0	1	0	5	0	0	0	0	0	0	0	0	0
442	13 May 26	07:30:00	1	0	1	0	Ct	0	0	0	0	0	0	0	0	0	0	0	0	0	0	0	0	3	0	0	0	0	0	1	0	14	0	0	0	0	0	0	0	0	0
443	13 May 26	07:35:00	1	0	1	0	Ct	0	0	0	0	0	0	0	0	0	0	0	0	0	0	0	0	12	0	0	0	0	0	0	0	31	0	0	0	0	0	0	0	15	0
444	13 May 26	07:40:00	1	0	1	0	Ct	0	0	0	0	0	0	0	0	0	0	0	0	0	0	0	0	0	0	0	0	0	0	0	0	0	0	0	0	0	0	0	0	0	0
445	13 May 26	07:45:00	1	0	1	0	Ct	0	0	10	0	0	0	0	0	0	0	0	0	0	0	0	0	14	0	0	0	0	0	9	0	4	0	0	0	0	0	0	0	0	2
446	13 May 26	07:50:00	1	0	1	0	Ct	0	0	19	0	0	0	0	0	0	0	0	0	0	0	0	14	3	0	0	0	0	0	6	0	0	0	0	0	3	0	0	0	0	0
447	13 May 26	07:55:00	1	0	1	0	Ct	0	0	0	0	0	0	0	0	0	0	0	0	0	0	0	0	6	0	0	0	0	0	0	0	0	0	0	0	0	0	0	0	0	0
448	13 May 26	08:00:00	1	0	1	0	Ct	0	0	0	0	0	0	0	0	0	0	0	0	0	0	0	0	2	0	0	0	0	0	0	0	0	0	0	0	0	0	0	0	3	2
449	13 May 26	08:05:00	1	0	1	0	Ct	0	0	0	0	0	0	0	0	0	0	0	0	0	0	0	0	0	0	0	0	2	0	0	0	0	0	0	0	0	0	0	0	0	7
450	13 May 26	08:10:00	1	0	1	0	Ct	0	0	0	0	0	0	0	0	0	0	0	0	0	0	0	0	0	0	0	0	0	0	0	0	0	0	0	0	0	0	0	0	0	0
451	13 May 26	08:15:00	1	0	1	0	Ct	0	0	0	0	1	0	0	0	0	0	0	0	0	0	0	0	0	0	0	0	0	0	3	0	0	0	0	0	0	0	0	0	0	0
452	13 May 26	08:20:00	1	0	1	0	Ct	0	0	0	0	6	0	0	0	0	0	2	0	0	0	0	0	0	0	0	0	0	0	42	0	0	0	0	0	0	0	0	0	12	0
453	13 May 26	08:25:00	1	0	1	0	Ct	0	0	0	0	0	0	0	0	0	0	6	0	0	0	0	0	0	0	0	0	2	0	10	0	0	0	0	0	0	0	0	0	0	0
454	13 May 26	08:30:00	1	0	1	0	Ct	0	0	0	0	5	0	0	0	0	0	13	0	0	0	0	0	0	0	0	0	0	0	0	0	0	0	0	0	0	0	0	0	0	0
455	13 May 26	08:35:00	1	0	1	0	Ct	0	0	0	0	5	0	0	0	0	0	34	0	0	0	0	3	0	0	0	0	2	0	0	0	0	0	0	0	0	0	0	0	0	0
456	13 May 26	08:40:00	1	0	1	0	Ct	0	0	0	0	25	0	0	0	0	0	51	0	0	0	0	0	0	0	0	0	4	0	0	0	0	8	0	0	0	0	0	0	0	0
457	13 May 26	08:45:00	1	0	1	0	Ct	0	0	0	0	2	0	0	0	0	0	11	0	0	0	0	0	0	0	0	0	0	0	0	0	0	0	0	0	0	0	0	0	0	0
458	13 May 26	08:50:00	1	0	1	0	Ct	0	0	0	0	6	0	0	0	0	0	0	0	0	0	0	0	0	0	3	0	0	0	0	0	0	0	0	0	0	0	0	0	0	0
459	13 May 26	08:55:00	1	0	1	0	Ct	0	0	0	0	6	0	0	0	0	0	0	0	0	0	0	0	0	0	18	0	0	0	0	0	2	2	0	0	0	0	0	0	0	0
460	13 May 26	09:00:00	1	0	1	0	Ct	0	0	0	0	5	0	0	0	0	0	0	0	0	0	0	0	0	0	2	0	0	0	0	0	8	3	0	0	0	0	0	0	0	0
461	13 May 26	09:05:00	1	0	1	0	Ct	0	0	0	0	0	0	0	0	0	0	0	0	0	0	0	0	0	0	0	0	0	0	0	0	27	0	0	0	0	0	0	0	0	0
462	13 May 26	09:10:00	1	0	1	0	Ct	0	0	0	0	0	0	0	0	0	0	0	0	0	0	0	0	0	0	0	0	0	0	0	0	5	0	0	0	0	0	0	0	0	0
463	13 May 26	09:15:00	1	0	1	0	Ct	0	0	0	0	0	0	0	0	0	0	0	0	0	0	0	0	0	0	0	0	0	0	0	0	11	0	0	0	0	0	0	0	0	0
464	13 May 26	09:20:00	1	0	1	0	Ct	0	0	0	0	0	0	0	0	0	0	0	0	0	0	0	0	0	0	0	0	0	0	0	0	0	0	0	0	2	0	0	0	0	0
465	13 May 26	09:25:00	1	0	1	0	Ct	0	0	0	0	0	0	0	0	0	0	0	0	0	0	0	0	0	0	0	0	0	0	0	0	0	0	0	0	12	0	0	0	0	0
466	13 May 26	09:30:00	1	0	1	0	Ct	0	0	0	0	0	0	0	0	0	0	0	0	0	0	0	0	1	0	0	0	0	0	0	0	0	0	0	0	5	0	0	0	0	0
467	13 May 26	09:35:00	1	0	1	0	Ct	0	0	0	0	0	0	0	0	0	0	0	0	0	0	0	0	0	0	0	0	0	0	0	0	0	0	0	0	0	0	0	0	0	0
468	13 May 26	09:40:00	1	0	1	0	Ct	0	0	3	0	0	0	0	0	0	0	0	0	0	0	0	0	0	0	0	0	0	0	8	0	0	0	0	0	0	0	0	0	0	0
469	13 May 26	09:45:00	1	0	1	0	Ct	0	0	0	0	0	0	0	0	0	0	0	0	0	0	0	0	0	0	0	0	0	0	20	0	0	0	0	0	0	0	0	0	0	0
470	13 May 26	09:50:00	1	0	1	0	Ct	0	0	0	0	0	0	0	0	0	0	0	0	0	0	0	7	0	0	0	0	0	0	20	0	0	0	0	0	0	0	0	0	0	0
471	13 May 26	09:55:00	1	0	1	0	Ct	0	0	0	0	0	0	0	0	0	0	0	0	0	0	0	0	0	0	0	0	0	0	1	0	5	0	0	0	0	0	0	0	0	0
472	13 May 26	10:00:00	1	0	1	0	Ct	0	1	0	0	0	0	0	0	2	0	0	0	0	0	0	0	0	0	0	2	0	0	63	0	0	0	0	0	0	0	0	0	0	0
473	13 May 26	10:05:00	1	0	1	0	Ct	0	1	0	1	0	0	8	11	7	0	9	0	0	0	4	0	16	0	0	0	1	0	15	0	0	4	0	0	0	0	0	0	0	10
474	13 May 26	10:10:00	1	0	1	0	Ct	0	1	0	0	10	4	15	6	9	0	14	0	0	0	12	0	20	0	0	0	6	0	0	5	4	15	0	0	4	0	0	0	0	6
475	13 May 26	10:15:00	1	0	1	0	Ct	0	1	0	0	2	0	13	8	11	0	4	0	0	0	10	0	19	0	0	0	7	0	0	0	0	14	0	0	3	0	0	0	0	4
476	13 May 26	10:20:00	1	0	1	0	Ct	0	1	0	0	0	8	5	8	8	0	9	0	0	0	8	0	18	0	4	0	10	0	0	12	0	17	0	0	3	0	0	0	1	2
477	13 May 26	10:25:00	1	0	1	0	Ct	0	1	0	0	2	1	5	9	9	0	8	0	0	0	9	0	11	0	0	8	9	0	0	0	0	11	0	0	4	0	0	0	8	2
478	13 May 26	10:30:00	1	0	1	0	Ct	0	1	0	0	3	2	5	5	8	0	8	0	0	0	7	2	17	0	0	6	6	0	0	3	0	5	0	0	5	0	0	0	0	2
479	13 May 26	10:35:00	1	0	1	0	Ct	0	1	0	0	6	0	7	5	7	0	8	0	0	0	0	0	20	0	0	5	10	0	0	0	0	9	0	0	9	0	0	0	0	2
480	13 May 26	10:40:00	1	0	1	0	Ct	0	1	0	0	3	0	1	4	11	0	7	0	0	0	0	0	15	0	1	2	7	0	0	1	4	10	0	0	4	0	0	0	0	5
481	13 May 26	10:45:00	1	0	1	0	Ct	0	1	1	0	2	0	13	2	8	0	4	0	0	0	0	0	17	0	0	2	5	0	6	0	1	10	0	0	0	0	0	0	5	2
482	13 May 26	10:50:00	1	0	1	0	Ct	0	1	0	1	3	1	7	4	5	0	5	0	0	0	4	0	15	0	0	0	4	0	22	0	4	3	0	0	7	0	0	0	0	3
483	13 May 26	10:55:00	1	0	1	0	Ct	0	1	0	0	4	2	4	8	3	0	5	0	0	0	0	0	12	0	0	2	5	0	0	0	2	4	0	0	7	0	0	0	0	1
484	13 May 26	11:00:00	1	0	1	0	Ct	0	1	1	2	5	4	6	2	6	0	3	0	0	0	0	7	8	0	0	4	2	0	0	0	3	6	0	0	3	0	0	0	0	0
485	13 May 26	11:05:00	1	0	1	0	Ct	0	1	0	0	4	1	5	3	4	0	3	0	0	0	1	4	8	0	0	4	1	0	0	0	1	8	0	0	1	0	0	0	29	0
486	13 May 26	11:10:00	1	0	1	0	Ct	0	1	8	0	2	0	2	3	5	0	14	0	0	0	17	6	18	0	1	0	2	0	0	1	4	3	0	0	3	0	0	0	0	2
487	13 May 26	11:15:00	1	0	1	0	Ct	0	1	13	1	2	1	3	2	4	0	3	0	0	0	1	8	16	0	2	8	1	0	0	4	2	2	0	0	1	0	0	0	0	2
488	13 May 26	11:20:00	1	0	1	0	Ct	0	1	0	0	4	5	4	2	8	0	5	0	0	0	0	14	14	0	2	3	1	0	0	0	1	4	0	0	2	0	0	0	0	0
489	13 May 26	11:25:00	1	0	1	0	Ct	0	1	0	2	5	2	3	5	9	0	0	0	0	0	0	0	10	0	0	0	1	0	0	0	7	0	0	0	0	0	0	0	0	2
490	13 May 26	11:30:00	1	0	1	0	Ct	0	1	0	0	4	7	4	3	4	0	3	0	0	0	4	0	11	13	10	0	1	0	0	0	0	3	0	0	2	0	0	0	0	0
491	13 May 26	11:35:00	1	0	1	0	Ct	0	1	19	0	4	20	6	2	14	0	1	0	0	0	5	0	8	24	1	0	1	0	0	3	0	10	0	0	1	0	0	0	2	0
492	13 May 26	11:40:00	1	0	1	0	Ct	0	1	0	0	3	0	5	12	4	0	2	0	0	0	0	0	10	9	1	0	3	0	0	0	0	3	0	0	5	0	0	0	0	0
493	13 May 26	11:45:00	1	0	1	0	Ct	0	1	43	0	6	0	2	1	3	0	4	0	0	0	0	0	9	7	2	4	0	0	9	0	0	2	0	0	0	0	0	0	0	0
494	13 May 26	11:50:00	1	0	1	0	Ct	0	1	2	0	4	0	0	3	4	0	3	0	0	0	0	0	11	4	0	2	0	0	0	0	0	0	0	0	2	0	0	0	0	0
495	13 May 26	11:55:00	1	0	1	0	Ct	0	1	3	1	2	0	0	2	5	0	2	0	0	0	0	1	10	0	4	3	1	0	0	0	0	4	0	0	0	0	0	0	0	0
496	13 May 26	12:00:00	1	0	1	0	Ct	0	1	0	0	3	0	1	3	1	0	1	0	0	0	0	15	9	0	2	3	1	0	0	10	0	5	0	0	3	0	0	0	0	0
497	13 May 26	12:05:00	1	0	1	0	Ct	0	1	0	0	2	0	1	1	6	0	4	0	0	0	2	3	8	0	0	6	1	0	0	0	0	1	0	0	0	0	0	0	0	0
498	13 May 26	12:10:00	1	0	1	0	Ct	0	1	0	10	3	0	0	0	2	0	1	0	0	0	0	0	15	0	0	4	3	0	0	0	0	1	0	0	0	0	0	0	0	0
499	13 May 26	12:15:00	1	0	1	0	Ct	0	1	0	0	1	0	3	3	0	0	4	0	0	0	0	0	4	0	1	3	1	0	24	4	0	1	0	0	2	0	0	0	0	0
500	13 May 26	12:20:00	1	0	1	0	Ct	0	1	0	0	1	0	5	2	0	0	5	0	0	0	0	0	9	0	1	3	1	0	0	1	8	0	0	0	2	0	0	0	3	0
501	13 May 26	12:25:00	1	0	1	0	Ct	0	1	0	0	1	0	0	0	0	0	9	0	0	0	0	0	8	0	0	1	0	0	0	4	0	0	0	0	0	0	0	0	0	0
502	13 May 26	12:30:00	1	0	1	0	Ct	0	1	0	0	2	0	2	0	2	0	0	0	0	0	0	0	7	0	2	1	3	0	0	0	5	5	0	0	2	0	0	0	0	0
503	13 May 26	12:35:00	1	0	1	0	Ct	0	1	0	1	2	0	4	0	0	0	6	0	0	0	1	0	6	0	0	0	0	0	0	0	0	7	0	0	0	0	0	0	0	0
504	13 May 26	12:40:00	1	0	1	0	Ct	0	1	0	1	1	0	2	0	0	0	2	0	0	0	1	0	12	8	1	7	0	0	0	0	2	2	0	0	0	0	0	0	0	0
505	13 May 26	12:45:00	1	0	1	0	Ct	0	1	0	0	3	0	6	0	0	0	4	0	0	0	1	0	3	0	1	6	0	0	0	0	28	2	0	0	1	0	0	0	0	0
506	13 May 26	12:50:00	1	0	1	0	Ct	0	1	0	0	0	0	2	0	0	0	3	0	0	0	3	0	14	22	1	3	2	0	0	0	47	0	0	0	1	0	0	0	0	0
507	13 May 26	12:55:00	1	0	1	0	Ct	0	1	0	0	0	0	4	0	4	0	1	0	0	0	5	0	2	0	1	4	0	0	0	0	0	3	0	0	0	0	0	0	0	0
508	13 May 26	13:00:00	1	0	1	0	Ct	0	1	0	0	1	0	0	0	4	0	2	0	0	0	5	0	2	0	2	0	0	0	0	0	0	1	0	0	4	0	0	0	3	0
509	13 May 26	13:05:00	1	0	1	0	Ct	0	1	0	0	1	0	0	0	0	0	1	0	0	0	9	0	12	0	8	0	0	0	0	0	0	0	0	0	0	0	0	0	0	0
510	13 May 26	13:10:00	1	0	1	0	Ct	0	1	0	0	3	0	0	0	0	0	1	0	0	0	0	0	8	0	0	3	3	0	0	0	3	0	0	0	3	0	0	0	0	0
511	13 May 26	13:15:00	1	0	1	0	Ct	0	1	0	0	4	0	1	0	0	0	0	0	0	0	0	0	8	0	0	0	4	0	0	0	0	2	0	0	8	0	0	0	0	0
512	13 May 26	13:20:00	1	0	1	0	Ct	0	1	0	0	0	0	1	0	7	0	3	0	0	0	0	0	2	0	2	2	5	0	0	0	7	0	0	0	1	0	0	0	0	0
513	13 May 26	13:25:00	1	0	1	0	Ct	0	1	0	0	2	0	0	0	0	0	4	0	0	0	0	0	12	0	4	6	2	0	0	9	0	2	0	0	4	0	0	0	0	0
514	13 May 26	13:30:00	1	0	1	0	Ct	0	1	0	0	0	0	0	0	0	0	2	0	0	0	0	0	8	0	0	5	5	0	0	6	0	4	0	0	2	0	0	0	4	0
515	13 May 26	13:35:00	1	0	1	0	Ct	0	1	0	5	0	0	0	0	0	0	1	0	0	0	0	0	9	0	0	0	5	0	0	7	0	0	0	0	1	0	0	0	0	0
516	13 May 26	13:40:00	1	0	1	0	Ct	0	1	0	2	4	0	0	0	0	0	1	0	0	0	0	0	7	0	0	0	0	0	0	0	3	0	0	0	0	0	0	0	0	0
517	13 May 26	13:45:00	1	0	1	0	Ct	0	1	0	5	2	0	0	0	3	0	2	0	0	0	0	0	1	0	0	3	0	0	0	2	0	4	0	0	0	0	0	0	0	0
518	13 May 26	13:50:00	1	0	1	0	Ct	0	1	0	0	0	0	0	0	8	0	1	0	0	0	2	0	7	0	28	0	0	0	0	0	0	7	0	0	2	0	0	0	0	0
519	13 May 26	13:55:00	1	0	1	0	Ct	0	1	0	0	5	0	2	0	2	0	2	0	0	0	0	0	6	0	7	2	1	0	0	0	0	2	0	0	0	0	0	0	0	0
520	13 May 26	14:00:00	1	0	1	0	Ct	0	1	0	0	5	0	2	0	0	0	4	0	0	0	0	0	5	0	1	2	1	0	0	0	0	0	0	0	0	0	0	0	0	0
521	13 May 26	14:05:00	1	0	1	0	Ct	0	1	0	0	7	0	0	0	2	0	2	0	0	0	2	0	7	0	0	0	0	0	0	0	0	2	0	0	0	0	0	0	0	0
522	13 May 26	14:10:00	1	0	1	0	Ct	0	1	0	0	1	0	6	2	0	0	3	0	0	0	5	0	13	0	0	3	0	0	0	0	0	2	0	0	0	0	0	0	0	26
523	13 May 26	14:15:00	1	0	1	0	Ct	0	1	0	0	0	0	8	0	0	0	7	0	0	0	5	0	5	0	0	3	3	0	0	0	0	4	0	0	2	0	0	0	0	2
524	13 May 26	14:20:00	1	0	1	0	Ct	0	1	0	0	1	0	0	0	0	0	0	0	0	0	0	0	4	0	0	0	5	0	0	0	0	2	0	0	0	0	0	0	7	0
525	13 May 26	14:25:00	1	0	1	0	Ct	0	1	0	0	0	0	0	0	0	0	1	0	0	0	0	0	8	1	0	0	3	0	0	0	0	2	0	0	2	0	0	0	0	0
526	13 May 26	14:30:00	1	0	1	0	Ct	0	1	0	0	0	0	0	2	0	0	3	0	0	0	0	0	6	0	2	2	4	0	0	0	48	5	0	0	0	0	0	0	0	0
527	13 May 26	14:35:00	1	0	1	0	Ct	0	1	0	1	0	0	0	9	0	0	3	0	0	0	0	0	1	0	0	2	4	0	0	0	7	0	0	0	0	0	0	0	6	2
528	13 May 26	14:40:00	1	0	1	0	Ct	0	1	0	0	2	0	0	17	0	0	2	0	0	0	0	0	16	0	5	0	4	0	0	1	0	0	0	0	2	0	0	0	0	0
529	13 May 26	14:45:00	1	0	1	0	Ct	0	1	0	0	0	0	0	3	0	0	3	0	0	0	0	0	18	1	3	3	3	0	0	3	3	3	0	0	1	0	0	0	0	3
530	13 May 26	14:50:00	1	0	1	0	Ct	0	1	0	0	0	0	0	0	0	0	1	0	0	0	2	0	7	0	1	4	0	0	0	0	13	3	0	0	1	0	0	0	0	0
531	13 May 26	14:55:00	1	0	1	0	Ct	0	1	0	0	0	0	0	2	0	0	0	0	0	0	2	0	9	0	1	1	2	0	0	0	0	0	0	0	0	0	0	0	0	2
532	13 May 26	15:00:00	1	0	1	0	Ct	0	1	0	2	0	0	0	5	1	0	1	0	0	0	5	0	10	0	2	0	2	0	0	0	16	0	0	0	0	0	0	0	0	0
533	13 May 26	15:05:00	1	0	1	0	Ct	0	1	0	0	0	0	0	1	5	0	3	0	0	0	0	0	12	0	10	0	2	0	0	0	4	0	0	0	0	0	0	0	0	2
534	13 May 26	15:10:00	1	0	1	0	Ct	0	1	0	0	1	0	0	0	0	0	45	0	0	0	0	0	13	0	0	0	2	0	0	0	1	0	0	0	2	0	0	0	1	0
535	13 May 26	15:15:00	1	0	1	0	Ct	0	1	0	0	2	0	0	0	0	0	2	0	0	0	0	0	4	0	7	0	1	0	0	7	0	0	0	0	0	0	0	0	0	2
536	13 May 26	15:20:00	1	0	1	0	Ct	0	1	0	0	0	0	0	3	0	0	3	0	0	0	0	0	5	0	4	0	1	0	0	4	6	2	0	0	1	0	0	0	0	0
537	13 May 26	15:25:00	1	0	1	0	Ct	0	1	0	0	2	0	0	1	0	0	2	0	0	0	0	0	2	0	2	0	1	0	0	2	37	0	0	0	5	0	0	0	0	0
538	13 May 26	15:30:00	1	0	1	0	Ct	0	1	0	1	2	0	0	0	0	0	2	0	0	0	0	0	3	0	0	0	3	0	0	0	0	2	0	0	2	0	0	0	0	0
539	13 May 26	15:35:00	1	0	1	0	Ct	0	1	0	0	2	0	0	0	1	0	2	0	0	0	0	0	3	0	0	0	1	0	0	0	4	1	0	0	3	0	0	0	0	2
540	13 May 26	15:40:00	1	0	1	0	Ct	0	1	0	0	4	0	0	0	1	0	0	0	0	0	0	0	3	0	0	0	3	0	0	0	0	3	0	0	2	0	0	0	0	0
541	13 May 26	15:45:00	1	0	1	0	Ct	0	1	0	0	2	0	0	5	0	0	1	0	0	0	0	0	3	0	2	0	3	0	0	0	4	0	0	0	1	0	0	0	0	3
542	13 May 26	15:50:00	1	0	1	0	Ct	0	1	0	0	0	0	0	0	0	0	2	0	0	0	0	0	11	0	2	2	0	0	0	0	0	1	0	0	1	0	0	0	0	1
543	13 May 26	15:55:00	1	0	1	0	Ct	0	1	0	0	4	0	0	0	2	0	0	0	0	0	0	0	9	0	2	0	0	0	0	0	0	3	0	0	0	0	0	0	0	2
544	13 May 26	16:00:00	1	0	1	0	Ct	0	1	0	0	3	0	0	0	0	0	0	0	0	0	0	0	7	0	3	0	0	0	0	0	0	4	0	0	1	0	0	0	0	4
545	13 May 26	16:05:00	1	0	1	0	Ct	0	1	0	0	5	0	0	0	0	0	0	0	0	0	0	0	13	0	1	0	15	0	0	0	0	2	0	0	1	0	0	0	0	3
546	13 May 26	16:10:00	1	0	1	0	Ct	0	1	0	3	2	0	0	0	2	0	4	0	0	0	0	0	6	0	0	0	0	0	0	0	0	6	0	0	0	0	0	0	35	4
547	13 May 26	16:15:00	1	0	1	0	Ct	0	1	0	17	0	0	0	0	0	0	4	0	0	0	0	0	8	0	0	0	0	0	0	0	0	3	0	0	0	0	0	0	0	9
548	13 May 26	16:20:00	1	0	1	0	Ct	0	1	0	0	0	0	0	0	0	0	5	0	0	0	3	0	0	0	2	0	0	0	0	0	0	0	0	0	0	0	0	0	5	7
549	13 May 26	16:25:00	1	0	1	0	Ct	0	1	0	0	1	0	0	0	0	0	2	0	0	0	1	0	3	0	13	0	0	0	0	0	0	2	0	0	1	0	0	0	0	0
550	13 May 26	16:30:00	1	0	1	0	Ct	0	1	0	0	1	0	0	0	0	0	3	0	0	0	0	0	6	0	5	0	2	0	0	0	0	2	0	0	0	0	0	0	0	0
551	13 May 26	16:35:00	1	0	1	0	Ct	0	1	0	0	2	0	0	0	0	0	0	0	0	0	0	0	2	0	0	5	2	0	0	0	0	2	0	0	1	0	0	0	0	2
552	13 May 26	16:40:00	1	0	1	0	Ct	0	1	0	0	2	0	0	0	0	0	0	0	0	0	0	0	9	0	2	0	0	0	0	0	2	0	0	0	0	0	0	0	0	2
553	13 May 26	16:45:00	1	0	1	0	Ct	0	1	0	1	0	0	0	0	4	0	3	0	0	0	0	0	0	0	2	0	0	0	6	0	0	0	0	0	2	0	0	0	0	2
554	13 May 26	16:50:00	1	0	1	0	Ct	0	1	0	0	1	0	0	0	0	0	0	0	0	0	0	0	0	0	6	0	4	0	0	0	0	0	0	0	1	0	0	0	4	4
555	13 May 26	16:55:00	1	0	1	0	Ct	0	1	0	0	3	0	0	0	0	0	5	0	0	0	0	0	0	0	2	0	0	0	0	0	0	0	0	0	1	0	0	0	0	2
556	13 May 26	17:00:00	1	0	1	0	Ct	0	1	23	0	1	0	0	0	0	0	4	0	0	0	2	0	0	0	3	3	5	0	0	0	6	2	0	0	2	1	0	0	0	0
557	13 May 26	17:05:00	1	0	1	0	Ct	0	1	10	0	3	0	0	0	0	0	3	0	0	0	0	0	2	0	1	2	0	0	0	0	0	4	0	0	2	0	0	0	0	0
558	13 May 26	17:10:00	1	0	1	0	Ct	0	1	8	0	2	0	0	0	0	0	1	0	0	0	0	0	1	0	1	0	0	0	0	15	10	0	0	0	1	0	0	0	0	13
559	13 May 26	17:15:00	1	0	1	0	Ct	0	1	53	0	1	0	0	0	0	0	2	0	0	0	0	0	3	0	3	3	2	0	0	0	0	0	0	0	1	0	0	0	0	2
560	13 May 26	17:20:00	1	0	1	0	Ct	0	1	60	0	1	0	0	0	2	0	2	0	0	0	0	0	0	0	0	0	2	0	3	0	0	2	0	0	1	0	0	0	0	0
561	13 May 26	17:25:00	1	0	1	0	Ct	0	1	7	0	7	0	0	0	0	0	0	0	0	0	0	0	0	0	7	0	2	0	12	0	0	2	0	0	6	0	0	0	0	10
562	13 May 26	17:30:00	1	0	1	0	Ct	0	1	0	0	2	0	0	0	0	0	2	0	0	0	0	0	0	0	2	0	0	0	0	0	21	6	0	0	1	0	0	0	0	0
563	13 May 26	17:35:00	1	0	1	0	Ct	0	1	0	0	1	0	0	0	0	0	3	0	0	0	0	0	3	0	0	0	0	0	0	0	0	0	0	0	2	0	0	0	1	0
564	13 May 26	17:40:00	1	0	1	0	Ct	0	1	18	0	1	0	0	0	1	0	1	0	0	0	0	0	5	0	0	2	0	0	0	0	1	4	0	0	1	0	0	0	0	5
565	13 May 26	17:45:00	1	0	1	0	Ct	0	1	6	0	3	0	0	0	1	0	4	0	0	0	0	0	11	0	0	4	0	0	0	0	97	0	0	0	0	0	0	0	7	2
566	13 May 26	17:50:00	1	0	1	0	Ct	0	1	5	2	1	0	0	0	1	0	1	0	0	0	0	0	10	0	0	0	2	0	0	0	0	0	0	0	0	0	0	0	0	0
567	13 May 26	17:55:00	1	0	1	0	Ct	0	1	14	0	1	0	0	1	3	0	0	0	0	0	0	0	7	0	0	0	0	0	0	3	2	4	0	0	1	0	0	0	0	2
568	13 May 26	18:00:00	1	0	1	0	Ct	0	1	1	1	4	0	0	1	9	0	3	0	0	0	0	0	5	0	0	0	0	0	0	8	3	2	0	0	1	0	0	0	0	2
569	13 May 26	18:05:00	1	0	1	0	Ct	0	1	5	0	4	0	0	0	0	0	1	0	0	0	0	0	5	0	2	0	0	0	0	7	0	2	0	0	1	0	0	0	0	0
570	13 May 26	18:10:00	1	0	1	0	Ct	0	1	52	0	3	0	0	0	0	0	2	0	0	0	0	0	2	0	0	0	3	0	0	0	1	0	0	0	0	0	0	0	0	7
571	13 May 26	18:15:00	1	0	1	0	Ct	0	1	120	0	1	0	0	0	1	0	1	0	0	0	0	0	2	0	0	1	6	0	0	1	1	2	0	0	4	0	0	0	0	2
572	13 May 26	18:20:00	1	0	1	0	Ct	0	1	17	0	0	0	0	0	1	0	2	0	0	0	0	0	0	0	0	1	4	0	0	0	0	0	0	0	2	0	0	0	0	0
573	13 May 26	18:25:00	1	0	1	0	Ct	0	1	10	0	0	0	0	0	0	0	1	0	0	0	9	0	0	0	0	2	1	0	0	1	5	3	0	0	0	0	0	0	0	2
574	13 May 26	18:30:00	1	0	1	0	Ct	0	1	69	0	0	0	0	0	1	0	0	0	0	0	0	0	8	0	2	0	0	0	0	3	3	4	0	0	3	0	0	0	0	2
575	13 May 26	18:35:00	1	0	1	0	Ct	0	1	5	0	0	0	0	7	0	0	2	0	0	0	0	0	8	0	0	0	2	0	0	2	8	2	0	0	2	0	0	0	4	7
576	13 May 26	18:40:00	1	0	1	0	Ct	0	1	31	0	0	1	0	1	1	0	2	0	0	0	0	0	2	0	0	0	0	0	0	0	0	2	0	0	0	0	0	0	0	2
577	13 May 26	18:45:00	1	0	1	0	Ct	0	1	5	0	1	1	0	3	0	0	0	0	0	0	0	0	0	0	0	0	0	0	9	0	0	1	0	0	1	0	0	0	0	3
578	13 May 26	18:50:00	1	0	1	0	Ct	0	1	0	6	3	6	0	1	4	0	0	0	0	0	0	0	0	0	0	0	0	0	0	0	1	1	0	0	0	0	0	0	0	3
579	13 May 26	18:55:00	1	0	1	0	Ct	0	1	0	4	7	1	0	1	1	0	0	0	0	0	0	0	4	0	3	0	0	0	0	0	1	3	0	0	0	0	0	0	2	4
580	13 May 26	19:00:00	1	0	1	0	Ct	0	1	0	0	2	3	0	1	5	0	0	0	0	0	0	0	2	0	0	0	2	0	0	0	2	7	0	0	2	0	0	0	0	3
581	13 May 26	19:05:00	1	0	1	0	Ct	0	1	0	0	4	0	0	2	3	0	1	0	0	0	0	0	10	0	0	0	0	0	0	0	2	6	0	0	2	0	0	0	0	0
582	13 May 26	19:10:00	1	0	1	0	Ct	0	1	0	0	3	1	0	2	0	0	2	0	0	0	1	0	10	0	0	0	0	0	0	0	0	2	0	0	3	0	0	0	0	9
583	13 May 26	19:15:00	1	0	1	0	Ct	0	1	1	0	0	0	0	0	3	0	1	0	0	0	2	0	5	0	4	0	0	0	0	8	0	4	0	0	2	0	0	0	0	5
584	13 May 26	19:20:00	1	0	1	0	Ct	0	1	0	0	0	0	0	0	5	0	1	0	0	0	21	0	0	0	0	0	0	0	36	7	1	8	0	0	1	0	0	0	7	2
585	13 May 26	19:25:00	1	0	1	0	Ct	0	1	0	0	3	0	0	0	7	0	1	0	0	0	1	0	2	0	0	0	0	0	0	0	0	8	0	0	0	0	0	0	0	4
586	13 May 26	19:30:00	1	0	1	0	Ct	0	1	0	0	6	0	0	0	1	0	2	0	0	0	0	0	2	0	0	0	0	0	0	1	0	5	0	0	0	0	0	0	0	2
587	13 May 26	19:35:00	1	0	1	0	Ct	0	1	10	2	1	0	0	0	1	0	0	0	0	0	0	0	5	0	3	0	0	0	0	0	1	3	0	0	1	0	0	0	10	2
588	13 May 26	19:40:00	1	0	1	0	Ct	0	1	0	0	3	1	2	0	0	0	2	0	0	0	0	0	0	0	2	0	2	0	0	0	3	1	0	0	1	0	0	0	0	2
589	13 May 26	19:45:00	1	0	1	0	Ct	0	1	0	0	0	1	4	0	2	0	1	0	0	0	0	0	5	0	0	0	0	0	0	0	0	3	0	0	1	0	0	0	0	2
590	13 May 26	19:50:00	1	0	1	0	Ct	0	1	0	0	0	2	0	0	1	0	3	0	0	0	0	0	0	0	0	0	0	0	0	0	0	0	0	0	0	0	0	0	0	3
591	13 May 26	19:55:00	1	0	1	0	Ct	0	1	0	0	2	0	0	0	4	0	0	0	0	0	0	0	2	0	5	0	1	0	0	0	0	0	0	0	0	0	0	0	0	3
592	13 May 26	20:00:00	1	0	1	0	Ct	0	1	0	0	1	1	0	0	6	0	2	0	0	0	0	0	6	0	0	0	4	0	0	0	0	0	0	0	2	0	0	0	4	0
593	13 May 26	20:05:00	1	0	1	0	Ct	0	1	0	0	0	1	3	0	0	0	0	0	0	0	0	0	1	0	0	0	8	0	0	0	0	2	0	0	1	0	0	0	0	2
594	13 May 26	20:10:00	1	0	1	0	Ct	0	1	0	0	0	0	0	0	11	0	3	0	0	0	2	0	17	0	0	0	2	0	0	0	0	3	0	0	0	0	0	0	0	0
595	13 May 26	20:15:00	1	0	1	0	Ct	0	1	0	0	0	2	0	0	4	0	4	0	0	0	36	0	6	0	0	0	2	0	0	0	0	2	0	0	3	0	0	0	0	2
596	13 May 26	20:20:00	1	0	1	0	Ct	0	1	0	0	0	3	0	0	4	0	2	0	0	0	0	0	0	0	0	0	3	0	0	0	2	5	0	0	1	0	0	0	0	4
597	13 May 26	20:25:00	1	0	1	0	Ct	0	1	0	13	0	0	1	0	9	0	2	0	0	0	0	0	6	0	0	0	1	0	0	0	0	4	0	0	0	0	0	0	3	0
598	13 May 26	20:30:00	1	0	1	0	Ct	0	1	0	15	1	0	7	0	3	0	2	0	0	0	0	0	5	0	0	0	2	0	0	0	0	0	0	0	2	0	0	0	0	2
599	13 May 26	20:35:00	1	0	1	0	Ct	0	1	0	0	0	0	1	0	2	0	2	0	0	0	0	0	1	0	0	0	0	0	5	0	1	2	0	0	1	0	0	0	0	5
600	13 May 26	20:40:00	1	0	1	0	Ct	0	1	0	0	4	0	4	4	2	0	1	0	0	0	0	0	0	0	2	0	2	0	0	0	12	3	0	0	2	0	0	0	0	0
601	13 May 26	20:45:00	1	0	1	0	Ct	0	1	0	0	0	0	0	0	1	0	1	0	0	0	0	0	10	0	3	0	0	0	0	0	1	2	0	0	0	0	0	0	0	2
602	13 May 26	20:50:00	1	0	1	0	Ct	0	1	0	0	1	0	1	2	3	0	4	0	0	0	0	0	7	0	0	0	0	0	0	0	1	3	0	0	0	0	0	0	0	2
603	13 May 26	20:55:00	1	0	1	0	Ct	0	1	0	0	1	0	1	5	2	0	7	0	0	0	0	0	5	0	0	0	0	0	0	0	18	2	0	0	1	0	0	0	0	5
604	13 May 26	21:00:00	1	0	1	0	Ct	0	1	0	0	5	0	1	3	0	0	3	0	0	0	0	0	5	0	0	0	0	0	0	0	0	0	0	0	0	0	0	0	0	2
605	13 May 26	21:05:00	1	0	1	0	Ct	0	1	0	0	3	4	3	5	1	0	3	0	0	0	0	0	14	0	3	0	0	0	0	0	0	0	0	0	2	0	0	0	0	0
606	13 May 26	21:10:00	1	0	1	0	Ct	0	1	0	0	1	2	3	1	1	0	2	0	0	0	0	0	4	0	0	0	0	0	0	0	0	0	0	0	2	0	0	0	0	0
607	13 May 26	21:15:00	1	0	1	0	Ct	0	1	0	0	1	1	4	0	1	0	4	0	0	0	4	0	3	0	5	0	2	0	0	0	8	0	0	0	2	0	0	0	0	2
608	13 May 26	21:20:00	1	0	1	0	Ct	0	1	24	0	0	0	4	5	4	0	3	0	0	0	0	16	8	0	1	0	0	0	0	0	2	0	0	0	0	0	0	0	0	6
609	13 May 26	21:25:00	1	0	1	0	Ct	0	1	25	3	3	0	4	3	1	0	2	0	0	0	0	0	9	0	2	0	2	0	0	0	0	0	0	0	0	0	0	0	0	3
610	13 May 26	21:30:00	1	0	1	0	Ct	0	1	22	1	1	0	3	1	2	0	0	0	0	0	4	0	3	0	5	0	3	0	0	0	29	0	0	0	3	0	0	0	5	0
611	13 May 26	21:35:00	1	0	1	0	Ct	0	1	51	0	3	0	0	3	4	0	2	0	0	0	1	0	3	0	1	0	2	0	0	0	7	0	0	0	0	0	0	0	0	0
612	13 May 26	21:40:00	1	0	1	0	Ct	0	1	2	0	0	0	23	0	1	0	5	0	0	5	0	0	10	0	0	0	3	0	0	0	0	0	0	0	1	0	0	0	0	2
613	13 May 26	21:45:00	1	0	1	0	Ct	0	1	0	0	1	0	1	0	4	0	1	0	0	0	0	0	11	0	0	0	5	0	0	0	1	0	0	0	1	0	0	0	0	2
614	13 May 26	21:50:00	1	0	1	0	Ct	0	1	0	0	1	0	2	0	3	0	2	0	0	0	0	28	8	7	0	0	2	0	0	0	0	0	0	0	2	0	0	0	0	6
615	13 May 26	21:55:00	1	0	1	0	Ct	0	1	5	0	3	0	3	0	2	0	2	0	0	0	0	5	6	14	2	0	3	0	0	0	0	3	0	0	1	0	0	0	0	1
616	13 May 26	22:00:00	1	0	1	0	Ct	0	1	0	1	1	0	5	2	5	0	2	0	0	0	0	24	6	0	0	0	1	0	0	0	3	0	0	0	2	0	0	0	0	5
617	13 May 26	22:05:00	1	0	1	0	Ct	0	1	13	0	4	0	11	4	10	0	9	0	0	0	4	3	16	0	4	0	2	0	0	13	9	10	0	0	6	0	0	0	24	9
618	13 May 26	22:10:00	1	0	1	0	Ct	0	0	9	0	3	0	2	4	21	0	5	0	0	0	4	0	16	0	0	0	0	0	0	11	9	0	0	0	3	0	0	0	0	0
619	13 May 26	22:15:00	1	0	1	0	Ct	0	0	7	0	4	0	8	0	13	0	0	0	0	0	6	0	10	0	0	0	0	0	0	0	6	0	0	0	1	0	0	0	0	2
620	13 May 26	22:20:00	1	0	1	0	Ct	0	0	8	0	0	0	7	0	2	0	8	0	0	0	6	0	10	0	0	0	0	0	0	3	5	5	0	0	6	0	0	0	0	3
621	13 May 26	22:25:00	1	0	1	0	Ct	0	0	4	0	0	0	2	0	5	0	5	0	0	0	4	0	15	0	0	0	0	0	0	0	21	0	0	0	1	0	0	0	2	2
622	13 May 26	22:30:00	1	0	1	0	Ct	0	0	4	4	0	0	4	0	0	0	1	0	0	0	18	0	14	0	1	0	2	0	0	13	158	0	0	0	6	0	0	0	0	4
623	13 May 26	22:35:00	1	0	1	0	Ct	0	0	1	0	0	0	5	0	2	0	3	0	0	0	10	0	15	0	0	0	0	0	0	2	79	0	0	0	3	0	0	0	5	3
624	13 May 26	22:40:00	1	0	1	0	Ct	0	0	4	0	0	0	15	0	0	0	0	0	0	0	2	0	11	0	0	0	2	0	0	0	2	0	0	0	5	0	0	0	0	2
625	13 May 26	22:45:00	1	0	1	0	Ct	0	0	3	0	0	0	4	0	5	0	0	0	0	0	0	0	12	0	0	0	0	0	0	7	0	0	0	0	1	0	0	0	0	0
626	13 May 26	22:50:00	1	0	1	0	Ct	0	0	9	0	0	0	8	0	2	0	4	0	0	0	6	0	12	0	0	0	0	0	0	0	22	0	0	0	1	0	0	0	6	2
627	13 May 26	22:55:00	1	0	1	0	Ct	0	0	36	0	0	0	6	0	0	0	9	0	0	0	13	0	8	0	0	0	0	0	0	0	9	0	0	0	0	0	0	0	0	0
628	13 May 26	23:00:00	1	0	1	0	Ct	0	0	3	0	0	0	5	0	24	0	4	0	0	0	3	0	10	0	0	0	0	0	0	0	0	0	0	0	0	0	0	0	0	2
629	13 May 26	23:05:00	1	0	1	0	Ct	0	0	7	0	0	0	8	0	0	0	5	0	0	0	22	0	6	0	0	0	2	0	0	0	0	0	0	0	0	0	0	0	0	9
630	13 May 26	23:10:00	1	0	1	0	Ct	0	0	1	0	0	0	7	0	1	0	4	0	0	0	0	0	7	0	0	0	0	0	0	0	0	0	0	0	0	0	0	0	0	8
631	13 May 26	23:15:00	1	0	1	0	Ct	0	0	5	0	0	0	5	0	2	0	3	0	0	0	3	0	10	0	0	0	1	0	0	0	0	0	0	0	0	0	0	0	4	0
632	13 May 26	23:20:00	1	0	1	0	Ct	0	0	10	0	0	0	0	0	2	0	1	0	0	0	2	0	4	0	0	0	0	0	0	0	0	0	0	0	0	0	0	0	0	0
633	13 May 26	23:25:00	1	0	1	0	Ct	0	0	10	0	0	0	6	0	5	0	1	0	0	0	1	0	10	0	0	0	0	0	0	0	0	0	0	0	1	0	0	0	0	2
634	13 May 26	23:30:00	1	0	1	0	Ct	0	0	1	1	0	0	0	0	3	0	6	0	0	0	4	0	10	0	0	0	0	0	0	0	2	0	0	0	2	0	0	0	0	0
635	13 May 26	23:35:00	1	0	1	0	Ct	0	0	4	0	0	0	0	0	1	0	6	0	0	0	2	0	16	0	0	0	0	0	0	0	0	0	0	0	1	0	0	0	0	2
636	13 May 26	23:40:00	1	0	1	0	Ct	0	0	3	0	1	0	0	0	4	0	3	0	0	0	4	0	16	0	0	0	2	0	0	0	4	0	0	0	5	0	0	0	0	0
637	13 May 26	23:45:00	1	0	1	0	Ct	0	0	6	0	0	0	0	0	4	0	0	0	0	0	0	0	8	0	0	0	2	0	0	0	2	0	0	0	0	0	0	0	0	2
638	13 May 26	23:50:00	1	0	1	0	Ct	0	0	4	2	0	0	10	0	3	0	4	0	0	0	2	0	25	0	0	0	0	0	0	0	0	0	0	0	0	0	0	0	0	3
639	13 May 26	23:55:00	1	0	1	0	Ct	0	0	5	0	0	0	12	0	3	0	2	0	0	0	0	0	12	0	0	0	0	0	0	0	2	0	0	0	0	0	0	0	0	0
640	14 May 26	00:00:00	1	0	1	0	Ct	0	0	10	0	0	0	8	0	2	0	2	0	0	0	0	0	13	0	0	0	3	0	0	0	3	0	0	0	5	0	0	0	6	6
641	14 May 26	00:05:00	1	0	1	0	Ct	0	0	57	0	0	0	14	0	2	0	8	0	0	0	4	0	20	0	0	0	0	0	0	0	0	0	0	0	3	0	0	0	0	4
642	14 May 26	00:10:00	1	0	1	0	Ct	0	0	3	0	0	0	5	0	3	0	5	0	0	0	6	0	13	0	0	0	2	0	0	0	0	0	0	0	1	0	0	0	0	0
643	14 May 26	00:15:00	1	0	1	0	Ct	0	0	2	0	0	0	8	0	8	0	5	0	0	0	21	0	15	0	0	0	0	0	9	0	0	0	0	0	0	0	0	0	0	0
644	14 May 26	00:20:00	1	0	1	0	Ct	0	0	3	1	0	0	10	0	12	0	4	0	0	0	5	0	10	0	0	0	0	0	0	0	0	0	0	0	0	0	0	0	0	0
645	14 May 26	00:25:00	1	0	1	0	Ct	0	0	1	0	0	0	6	0	7	0	3	0	0	0	2	0	13	0	0	0	0	0	0	0	0	0	0	0	2	0	0	0	0	3
646	14 May 26	00:30:00	1	0	1	0	Ct	0	0	3	0	0	0	1	0	5	0	3	0	0	0	7	0	16	0	0	0	0	0	0	0	0	0	0	0	2	0	0	0	3	0
647	14 May 26	00:35:00	1	0	1	0	Ct	0	0	3	0	0	0	14	0	8	0	3	0	0	0	4	0	19	0	0	0	0	0	0	0	0	0	0	0	0	0	0	0	2	2
648	14 May 26	00:40:00	1	0	1	0	Ct	0	0	2	0	0	0	1	0	3	0	10	0	0	0	8	0	12	0	0	0	0	0	0	0	0	0	0	0	0	0	0	0	13	0
649	14 May 26	00:45:00	1	0	1	0	Ct	0	0	2	0	0	0	0	0	2	0	1	0	0	0	0	0	11	0	0	0	0	0	0	0	0	0	0	0	0	0	0	0	3	0
650	14 May 26	00:50:00	1	0	1	0	Ct	0	0	3	0	0	0	4	0	0	0	1	0	0	0	3	0	14	0	0	0	0	0	0	0	0	0	0	0	0	0	0	0	5	2
651	14 May 26	00:55:00	1	0	1	0	Ct	0	0	7	0	0	0	0	0	0	0	3	0	0	0	10	0	14	0	0	0	0	0	0	0	0	0	0	0	0	0	0	0	0	4
652	14 May 26	01:00:00	1	0	1	0	Ct	0	0	6	0	0	0	0	0	4	0	0	0	0	0	10	0	11	0	0	0	0	0	0	0	0	0	0	0	0	0	0	0	3	2
653	14 May 26	01:05:00	1	0	1	0	Ct	0	0	3	0	0	0	0	0	0	0	0	0	0	0	1	0	33	0	0	0	0	0	0	0	0	0	0	0	2	0	0	0	2	0
654	14 May 26	01:10:00	1	0	1	0	Ct	0	0	2	0	0	0	0	0	0	0	0	0	0	0	6	0	14	0	0	0	0	0	0	0	0	0	0	0	0	0	0	0	15	5
655	14 May 26	01:15:00	1	0	1	0	Ct	0	0	3	0	0	0	0	0	0	0	4	0	0	0	0	0	8	0	0	0	2	0	0	0	0	0	0	0	0	0	0	0	0	0
656	14 May 26	01:20:00	1	0	1	0	Ct	0	0	2	0	0	0	0	3	0	0	0	0	0	0	3	0	4	0	0	0	0	0	0	0	0	0	0	0	0	0	0	0	4	2
657	14 May 26	01:25:00	1	0	1	0	Ct	0	0	2	0	0	0	0	0	0	0	4	0	0	0	2	0	0	0	0	0	2	0	0	0	0	0	0	0	0	0	0	0	0	0
658	14 May 26	01:30:00	1	0	1	0	Ct	0	0	0	0	0	0	0	0	0	0	0	0	0	0	1	0	31	0	0	0	0	0	0	0	4	0	0	0	0	0	0	0	0	0
659	14 May 26	01:35:00	1	0	1	0	Ct	0	0	8	0	0	0	0	0	0	0	0	0	0	0	2	0	3	0	0	0	0	0	0	0	2	0	0	0	0	0	0	0	0	11
660	14 May 26	01:40:00	1	0	1	0	Ct	0	0	13	0	0	0	0	0	0	0	12	0	0	0	0	0	0	0	0	0	0	0	0	0	0	0	0	0	0	0	0	0	0	3
661	14 May 26	01:45:00	1	0	1	0	Ct	0	0	7	0	0	0	0	0	0	0	0	0	0	0	5	0	2	0	0	0	0	0	0	0	0	0	0	0	0	0	0	0	0	0
662	14 May 26	01:50:00	1	0	1	0	Ct	0	0	2	0	0	0	0	0	0	0	0	0	0	0	2	0	0	0	0	0	0	0	0	0	0	0	0	0	0	0	0	0	4	2
663	14 May 26	01:55:00	1	0	1	0	Ct	0	0	0	1	0	0	0	0	0	0	0	0	0	0	2	0	0	0	0	0	0	0	0	0	16	0	0	0	8	0	0	0	0	3
664	14 May 26	02:00:00	1	0	1	0	Ct	0	0	3	1	0	0	0	0	0	0	0	0	0	0	0	0	8	0	0	0	0	0	0	0	0	0	0	0	2	0	0	0	0	3
665	14 May 26	02:05:00	1	0	1	0	Ct	0	0	0	0	0	0	0	0	0	0	0	0	0	0	0	0	4	0	0	0	0	0	0	0	0	0	0	0	8	0	0	0	7	0
666	14 May 26	02:10:00	1	0	1	0	Ct	0	0	0	0	0	0	0	0	0	0	0	0	0	0	0	0	8	0	0	0	1	0	0	0	1	0	0	0	0	0	0	0	0	0
667	14 May 26	02:15:00	1	0	1	0	Ct	0	0	0	0	0	0	0	0	0	0	0	0	0	0	0	0	0	0	0	0	3	0	0	0	0	0	0	0	0	0	0	0	0	0
668	14 May 26	02:20:00	1	0	1	0	Ct	0	0	0	0	0	0	0	0	0	0	0	0	0	0	0	0	2	0	0	0	0	0	0	0	0	0	0	0	0	0	0	0	0	2
669	14 May 26	02:25:00	1	0	1	0	Ct	0	0	0	0	0	0	0	0	0	0	0	0	0	0	0	0	0	0	0	0	0	0	0	0	0	0	0	0	0	0	0	0	0	0
670	14 May 26	02:30:00	1	0	1	0	Ct	0	0	0	0	0	0	0	0	0	0	0	0	0	0	0	0	0	0	0	0	3	0	0	0	0	0	0	0	0	0	0	0	0	4
671	14 May 26	02:35:00	1	0	1	0	Ct	0	0	0	0	0	0	0	0	0	0	0	0	0	0	0	0	0	0	0	0	0	0	18	1	0	0	0	0	0	0	0	0	0	0
672	14 May 26	02:40:00	1	0	1	0	Ct	0	0	0	0	0	0	0	0	0	0	0	0	0	0	0	0	0	0	0	0	0	0	0	0	0	0	0	0	0	0	0	0	2	3
673	14 May 26	02:45:00	1	0	1	0	Ct	0	0	0	0	0	0	0	0	0	0	0	0	0	0	0	0	8	0	0	0	0	0	0	5	0	0	0	0	0	0	0	0	0	2
674	14 May 26	02:50:00	1	0	1	0	Ct	0	0	0	0	0	0	3	0	0	0	0	0	0	0	0	0	0	0	0	0	2	0	0	0	0	0	0	0	1	0	0	0	0	0
675	14 May 26	02:55:00	1	0	1	0	Ct	0	0	0	0	0	0	0	0	0	0	0	0	0	0	0	0	0	0	0	0	0	0	0	0	0	0	0	0	0	0	0	0	0	0
676	14 May 26	03:00:00	1	0	1	0	Ct	0	0	0	0	0	0	0	0	0	0	0	0	0	0	0	0	0	0	0	0	0	0	0	0	0	0	0	0	11	0	0	0	0	2
677	14 May 26	03:05:00	1	0	1	0	Ct	0	0	0	0	0	0	0	0	2	0	0	0	0	0	0	0	0	0	0	0	0	0	0	0	0	0	0	0	2	0	0	0	0	0
678	14 May 26	03:10:00	1	0	1	0	Ct	0	0	0	0	0	0	0	0	0	0	0	0	0	0	0	0	0	0	3	0	0	0	0	0	0	0	0	0	3	0	0	0	0	2
679	14 May 26	03:15:00	1	0	1	0	Ct	0	0	0	0	0	0	0	0	0	0	0	0	0	0	0	0	0	0	0	0	0	0	0	0	0	0	0	0	0	0	0	0	0	0
680	14 May 26	03:20:00	1	0	1	0	Ct	0	0	0	0	0	0	0	0	0	0	0	0	0	0	0	0	0	0	3	0	0	0	0	0	0	0	0	0	0	0	0	0	0	0
681	14 May 26	03:25:00	1	0	1	0	Ct	0	0	0	0	0	0	0	0	0	0	0	0	0	0	0	0	0	0	0	0	0	0	0	0	0	0	0	0	0	0	0	0	0	2
682	14 May 26	03:30:00	1	0	1	0	Ct	0	0	0	0	0	0	0	0	0	0	0	0	0	0	0	0	0	0	0	0	0	0	0	0	0	0	0	0	0	0	0	0	0	1
683	14 May 26	03:35:00	1	0	1	0	Ct	0	0	0	0	0	0	0	0	0	0	0	0	0	0	0	0	0	0	0	0	0	0	0	0	0	0	0	0	0	0	0	0	0	4
684	14 May 26	03:40:00	1	0	1	0	Ct	0	0	0	0	0	0	0	0	0	0	0	0	0	0	0	0	0	0	0	0	0	0	0	0	0	0	0	0	0	0	0	0	0	0
685	14 May 26	03:45:00	1	0	1	0	Ct	0	0	0	1	0	0	0	0	0	0	0	0	0	0	0	0	0	0	0	0	0	0	0	0	0	0	0	0	0	0	0	0	0	3
686	14 May 26	03:50:00	1	0	1	0	Ct	0	0	0	0	0	0	0	0	0	0	0	0	0	0	0	0	6	0	0	0	0	0	0	0	0	0	0	0	0	0	0	0	6	0
687	14 May 26	03:55:00	1	0	1	0	Ct	0	0	0	0	0	0	0	0	0	0	0	0	0	0	0	0	0	0	0	0	0	0	0	0	2	0	0	0	0	0	0	0	0	0
688	14 May 26	04:00:00	1	0	1	0	Ct	0	0	0	0	0	0	0	0	0	0	0	0	0	0	0	0	0	0	0	0	2	0	0	0	0	0	0	0	0	0	0	0	0	0
689	14 May 26	04:05:00	1	0	1	0	Ct	0	0	1	0	0	0	0	0	0	0	0	0	0	0	0	0	0	0	0	0	0	0	0	0	0	0	0	0	0	0	0	0	0	2
690	14 May 26	04:10:00	1	0	1	0	Ct	0	0	0	0	0	0	0	0	0	0	0	0	0	0	0	0	0	0	0	0	3	0	0	0	0	0	0	0	0	0	0	0	0	0
691	14 May 26	04:15:00	1	0	1	0	Ct	0	0	0	0	0	0	3	0	0	0	0	0	0	0	0	0	0	0	0	0	12	0	0	0	0	0	0	0	0	0	0	0	0	2
692	14 May 26	04:20:00	1	0	1	0	Ct	0	0	0	0	0	0	0	0	0	0	0	0	0	0	0	0	0	0	0	0	3	0	0	0	0	0	0	0	0	0	0	0	3	2
693	14 May 26	04:25:00	1	0	1	0	Ct	0	0	0	0	0	0	0	0	0	0	0	0	0	0	0	0	0	0	0	0	0	0	0	0	0	0	0	0	0	0	0	0	0	2
694	14 May 26	04:30:00	1	0	1	0	Ct	0	0	0	0	0	0	0	0	0	0	0	0	0	0	0	0	0	0	0	0	0	0	0	0	0	0	0	0	0	0	0	0	0	2
695	14 May 26	04:35:00	1	0	1	0	Ct	0	0	0	2	0	0	0	0	0	0	0	0	0	0	0	0	0	0	0	0	0	0	0	0	0	0	0	0	0	0	0	0	0	0
696	14 May 26	04:40:00	1	0	1	0	Ct	0	0	0	8	0	0	0	0	0	0	3	0	0	0	0	0	0	0	0	0	0	0	0	0	0	0	0	0	0	0	0	0	0	0
697	14 May 26	04:45:00	1	0	1	0	Ct	0	0	0	0	0	0	0	0	0	0	0	0	0	0	0	0	10	0	0	0	0	0	0	0	0	0	0	0	0	0	0	0	0	0
698	14 May 26	04:50:00	1	0	1	0	Ct	0	0	0	7	0	0	0	0	0	0	3	0	0	0	0	0	0	0	0	0	0	0	0	0	0	0	0	0	0	0	0	0	0	0
699	14 May 26	04:55:00	1	0	1	0	Ct	0	0	0	9	0	0	0	0	0	0	0	0	0	0	0	0	6	0	3	0	0	0	0	0	0	0	0	0	0	0	0	0	0	0
700	14 May 26	05:00:00	1	0	1	0	Ct	0	0	0	20	0	0	0	0	0	0	0	0	0	0	0	0	5	0	16	0	0	0	0	0	0	0	0	0	0	0	0	0	0	0
701	14 May 26	05:05:00	1	0	1	0	Ct	0	0	0	6	0	0	0	0	0	0	0	0	0	0	0	0	11	0	0	0	0	0	0	0	0	0	0	0	0	0	0	0	0	2
702	14 May 26	05:10:00	1	0	1	0	Ct	0	0	0	0	0	0	0	0	0	0	0	0	0	0	0	0	6	0	0	0	0	0	0	0	0	0	0	0	0	0	0	0	0	11
703	14 May 26	05:15:00	1	0	1	0	Ct	0	0	0	0	0	0	0	0	0	0	0	0	0	0	0	0	5	0	0	0	5	0	0	0	0	0	0	0	3	0	0	0	0	0
704	14 May 26	05:20:00	1	0	1	0	Ct	0	0	0	0	0	0	0	0	0	0	0	0	0	0	0	0	8	0	0	0	0	0	0	0	0	0	0	0	0	0	0	0	0	0
705	14 May 26	05:25:00	1	0	1	0	Ct	0	0	0	0	0	0	0	0	0	0	0	0	0	0	0	0	4	0	0	0	4	0	0	0	0	0	0	0	0	0	0	0	0	0
706	14 May 26	05:30:00	1	0	1	0	Ct	0	0	0	0	7	0	0	0	0	0	0	0	0	0	0	0	0	0	0	0	14	0	0	0	0	0	0	0	0	0	0	0	0	2
707	14 May 26	05:35:00	1	0	1	0	Ct	0	0	0	0	6	0	0	0	0	0	0	0	0	0	0	0	0	0	0	0	0	0	0	0	0	0	0	0	2	0	0	0	0	2
708	14 May 26	05:40:00	1	0	1	0	Ct	0	0	0	0	0	0	0	0	0	0	0	0	0	0	0	0	0	0	0	0	0	0	0	0	0	0	0	0	0	0	0	0	0	2
709	14 May 26	05:45:00	1	0	1	0	Ct	0	0	0	0	0	0	0	0	0	0	0	0	0	0	0	0	0	0	0	0	0	0	0	0	0	0	0	0	0	0	0	0	0	3
710	14 May 26	05:50:00	1	0	1	0	Ct	0	0	0	0	0	0	0	0	0	0	0	0	0	0	0	0	0	0	0	0	8	0	0	0	0	0	0	0	0	0	0	0	0	0
711	14 May 26	05:55:00	1	0	1	0	Ct	0	0	0	0	0	0	0	0	0	0	0	0	0	0	0	0	0	0	0	0	0	0	0	0	0	0	0	0	0	0	0	0	0	0
712	14 May 26	06:00:00	1	0	1	0	Ct	0	0	0	0	0	0	0	5	0	0	0	0	0	0	0	0	0	0	0	0	0	0	0	0	0	0	0	0	0	0	0	0	0	4
713	14 May 26	06:05:00	1	0	1	0	Ct	0	0	0	7	0	0	0	3	0	0	0	0	0	0	0	0	0	0	0	0	0	0	0	0	0	0	0	0	0	0	0	0	0	2
714	14 May 26	06:10:00	1	0	1	0	Ct	0	0	0	0	0	0	0	2	0	0	0	0	0	0	0	0	0	0	0	0	0	0	0	0	0	0	0	0	0	0	0	0	0	0
715	14 May 26	06:15:00	1	0	1	0	Ct	0	0	0	0	0	0	0	0	0	0	0	0	0	0	0	0	0	0	0	0	1	0	0	0	0	0	0	0	0	0	0	0	0	0
716	14 May 26	06:20:00	1	0	1	0	Ct	0	0	0	0	0	0	0	3	0	0	0	0	0	0	0	0	0	0	0	0	0	0	0	0	0	0	0	0	0	0	0	0	0	2
717	14 May 26	06:25:00	1	0	1	0	Ct	0	0	0	0	0	0	0	0	0	0	0	0	0	0	0	0	0	0	0	0	0	0	0	0	4	0	0	0	0	0	0	0	0	0
718	14 May 26	06:30:00	1	0	1	0	Ct	0	0	0	0	0	0	0	0	0	0	0	0	0	0	0	0	0	0	0	0	0	0	0	0	0	0	0	0	0	0	0	0	0	2
719	14 May 26	06:35:00	1	0	1	0	Ct	0	0	0	0	0	0	0	0	0	0	0	0	0	0	0	0	0	0	0	0	1	0	0	0	0	0	0	0	0	0	0	0	0	2
720	14 May 26	06:40:00	1	0	1	0	Ct	0	0	0	0	0	0	0	0	0	0	0	0	0	0	0	0	0	0	0	0	0	0	0	0	0	0	0	0	0	0	0	0	0	0
721	14 May 26	06:45:00	1	0	1	0	Ct	0	0	0	0	0	0	0	0	0	0	0	0	0	0	0	0	0	0	0	0	0	0	0	0	0	0	0	0	0	0	0	0	0	2
722	14 May 26	06:50:00	1	0	1	0	Ct	0	0	0	0	0	0	0	0	0	0	0	0	0	0	0	0	0	0	0	0	0	0	0	0	0	0	0	0	0	0	0	0	2	0
723	14 May 26	06:55:00	1	0	1	0	Ct	0	0	0	0	0	0	0	0	0	0	0	0	0	0	0	0	0	0	0	0	0	0	0	0	0	0	0	0	0	0	0	0	0	0
724	14 May 26	07:00:00	1	0	1	0	Ct	0	0	0	0	0	0	0	0	0	0	0	0	0	0	0	0	0	0	0	0	0	0	0	0	0	0	0	0	0	0	0	0	0	0
725	14 May 26	07:05:00	1	0	1	0	Ct	0	0	0	0	0	0	0	0	0	0	0	0	0	0	11	0	0	0	0	0	0	0	0	0	0	0	0	0	0	0	0	0	0	2
726	14 May 26	07:10:00	1	0	1	0	Ct	0	0	0	0	0	0	0	0	0	0	0	0	0	0	16	0	0	0	0	0	0	0	0	0	0	0	0	0	0	0	0	0	0	0
727	14 May 26	07:15:00	1	0	1	0	Ct	0	0	0	0	0	0	0	4	0	0	0	0	0	0	0	0	0	0	0	0	0	0	0	0	0	0	0	0	0	0	0	0	0	0
728	14 May 26	07:20:00	1	0	1	0	Ct	0	0	0	0	0	0	0	0	0	0	0	0	0	0	0	0	0	0	6	0	0	0	0	0	0	0	0	0	0	0	0	0	0	2
729	14 May 26	07:25:00	1	0	1	0	Ct	0	0	0	0	0	0	0	0	0	0	0	0	0	0	0	0	0	0	0	0	0	0	0	0	0	0	0	0	0	0	0	0	0	0
730	14 May 26	07:30:00	1	0	1	0	Ct	0	0	0	0	0	0	0	0	0	0	0	0	0	0	0	0	0	0	0	0	0	0	0	0	0	0	0	0	0	0	0	0	0	0
731	14 May 26	07:35:00	1	0	1	0	Ct	0	0	0	0	0	0	0	0	0	0	0	0	0	0	0	0	0	0	0	0	0	0	0	0	0	0	0	0	0	0	0	0	0	2
732	14 May 26	07:40:00	1	0	1	0	Ct	0	0	0	0	0	0	0	0	0	0	0	0	0	0	0	0	0	0	0	0	0	0	0	0	2	0	0	0	0	0	0	0	0	0
733	14 May 26	07:45:00	1	0	1	0	Ct	0	0	0	0	0	0	0	0	0	0	0	0	0	0	0	0	0	0	0	0	5	0	0	0	0	0	0	0	0	0	0	0	0	0
734	14 May 26	07:50:00	1	0	1	0	Ct	0	0	0	0	0	0	0	0	0	0	0	0	0	0	0	0	0	0	0	0	0	0	0	0	0	10	0	0	0	0	0	0	0	0
735	14 May 26	07:55:00	1	0	1	0	Ct	0	0	0	0	9	0	0	0	0	0	0	0	0	0	1	0	0	0	0	0	0	0	0	0	0	0	0	0	0	0	0	0	0	2
736	14 May 26	08:00:00	1	0	1	0	Ct	0	0	0	0	0	0	0	0	0	0	0	0	0	0	1	0	0	0	0	0	3	0	0	0	0	0	0	0	0	0	0	0	0	0
737	14 May 26	08:05:00	1	0	1	0	Ct	0	0	0	0	0	0	0	0	0	0	0	0	0	0	0	0	0	0	0	0	0	0	0	0	0	0	0	0	0	0	0	0	0	2
738	14 May 26	08:10:00	1	0	1	0	Ct	0	0	0	0	0	0	0	0	0	0	0	0	0	0	18	0	0	0	0	0	0	0	0	0	0	0	0	0	0	0	0	0	0	0
739	14 May 26	08:15:00	1	0	1	0	Ct	0	0	0	0	0	0	0	0	0	0	0	0	0	0	22	0	0	0	0	0	0	0	0	0	0	0	0	0	0	0	0	0	0	0
740	14 May 26	08:20:00	1	0	1	0	Ct	0	0	0	0	0	0	0	3	0	0	0	0	0	0	32	0	0	0	0	0	0	0	0	0	0	0	0	0	0	0	0	0	0	3
741	14 May 26	08:25:00	1	0	1	0	Ct	0	0	0	0	0	0	0	0	0	0	0	0	0	0	21	0	0	0	0	0	0	0	0	0	0	0	0	0	0	0	0	0	0	0
742	14 May 26	08:30:00	1	0	1	0	Ct	0	0	0	0	0	0	0	0	0	0	0	0	0	0	7	0	0	0	0	0	0	0	0	0	0	0	0	0	1	0	0	0	0	0
743	14 May 26	08:35:00	1	0	1	0	Ct	0	0	0	0	0	0	0	0	0	0	0	0	0	0	0	0	0	0	0	0	2	0	0	0	0	0	0	0	1	0	0	0	0	2
744	14 May 26	08:40:00	1	0	1	0	Ct	0	0	0	0	0	0	0	0	0	0	0	0	0	0	7	0	0	0	0	0	0	0	0	0	0	0	0	0	0	0	0	0	0	0
745	14 May 26	08:45:00	1	0	1	0	Ct	0	0	0	0	0	0	0	2	0	0	0	0	0	0	0	0	0	0	0	0	0	0	0	0	0	0	0	0	0	0	0	0	0	2
746	14 May 26	08:50:00	1	0	1	0	Ct	0	0	0	0	0	0	0	0	0	0	0	0	0	0	0	0	0	0	0	0	0	0	0	0	0	0	0	0	8	0	0	0	5	0
747	14 May 26	08:55:00	1	0	1	0	Ct	0	0	0	0	0	0	0	0	0	0	0	0	0	0	0	0	0	0	0	0	0	0	0	0	0	0	0	0	0	0	0	0	0	0
748	14 May 26	09:00:00	1	0	1	0	Ct	0	0	0	0	0	0	0	0	0	0	0	0	0	0	0	0	0	0	0	0	0	0	0	0	0	0	0	0	1	0	0	0	0	0
749	14 May 26	09:05:00	1	0	1	0	Ct	0	0	0	0	0	0	0	0	0	0	0	0	0	0	0	0	0	0	0	0	0	0	0	0	0	0	0	0	0	0	0	0	0	0
750	14 May 26	09:10:00	1	0	1	0	Ct	0	0	0	0	0	0	0	0	0	0	0	0	0	0	0	0	0	0	0	0	0	0	0	0	0	0	0	0	0	0	0	0	0	2
751	14 May 26	09:15:00	1	0	1	0	Ct	0	0	0	0	8	0	0	0	0	0	0	0	0	0	0	0	0	0	0	0	0	0	0	0	0	0	0	0	0	0	0	0	0	0
752	14 May 26	09:20:00	1	0	1	0	Ct	0	0	0	2	0	0	0	0	0	0	0	0	0	0	0	0	0	0	0	0	0	0	0	0	0	0	0	0	0	0	0	0	0	0
753	14 May 26	09:25:00	1	0	1	0	Ct	0	0	0	1	0	0	0	0	0	0	0	0	0	0	1	0	0	0	0	0	0	0	0	0	0	0	0	0	0	0	0	0	0	0
754	14 May 26	09:30:00	1	0	1	0	Ct	0	0	0	0	0	0	0	0	0	0	0	0	0	0	0	0	0	0	0	0	0	0	0	0	0	0	0	0	0	0	0	0	0	0
755	14 May 26	09:35:00	1	0	1	0	Ct	0	0	0	0	0	0	0	0	0	0	0	0	0	0	0	0	0	0	0	0	0	0	0	0	0	0	0	0	0	0	0	0	0	1
756	14 May 26	09:40:00	1	0	1	0	Ct	0	0	0	0	0	0	0	0	0	0	0	0	0	0	0	0	0	0	0	0	0	0	0	0	0	0	0	0	0	0	0	0	0	4
757	14 May 26	09:45:00	1	0	1	0	Ct	0	0	0	0	0	2	0	0	0	0	0	0	0	0	0	0	0	0	0	0	0	0	0	0	0	0	0	0	0	0	0	0	0	0
758	14 May 26	09:50:00	1	0	1	0	Ct	0	0	0	0	0	0	0	0	0	0	0	0	0	0	0	0	0	0	0	0	0	0	0	0	0	0	0	0	0	0	0	0	0	2
759	14 May 26	09:55:00	1	0	1	0	Ct	0	0	0	0	25	0	0	0	0	0	0	0	0	0	0	0	0	0	0	0	0	0	0	0	0	0	0	0	0	0	0	0	0	0
760	14 May 26	10:00:00	1	0	1	0	Ct	0	1	0	0	0	0	0	1	1	0	0	0	0	0	0	1	0	0	0	0	0	0	0	0	0	0	0	0	0	0	0	0	0	0
761	14 May 26	10:05:00	1	0	1	0	Ct	0	1	0	0	1	0	4	3	6	0	1	0	0	0	0	0	11	0	0	0	8	0	0	0	0	1	0	0	0	0	0	0	0	3
762	14 May 26	10:10:00	1	0	1	0	Ct	0	1	0	0	0	0	3	1	11	0	1	0	0	0	0	0	13	0	0	0	3	0	0	0	0	1	0	0	3	0	0	0	0	0
763	14 May 26	10:15:00	1	0	1	0	Ct	0	1	0	0	0	0	4	3	8	0	4	0	0	0	0	0	18	0	13	0	2	0	0	0	0	6	0	0	5	0	0	0	0	0
764	14 May 26	10:20:00	1	0	1	0	Ct	0	1	0	0	0	4	12	7	7	0	6	0	0	0	0	0	16	0	15	0	7	0	0	0	21	3	0	0	4	0	0	0	0	0
765	14 May 26	10:25:00	1	0	1	0	Ct	0	1	0	0	1	17	2	6	11	0	9	0	0	0	0	0	17	0	4	0	11	0	0	0	0	9	0	0	8	0	0	0	6	0
766	14 May 26	10:30:00	1	0	1	0	Ct	0	1	0	0	2	0	11	5	4	0	7	0	0	0	0	0	16	0	2	0	7	0	0	0	9	13	0	0	4	0	0	0	0	0
767	14 May 26	10:35:00	1	0	1	0	Ct	0	1	0	1	2	1	3	3	7	0	9	0	0	0	9	0	15	0	2	0	8	0	0	0	1	7	0	0	4	0	0	0	0	0
768	14 May 26	10:40:00	1	0	1	0	Ct	0	1	0	0	3	0	2	5	3	0	8	0	0	0	9	0	18	0	1	0	4	0	0	0	0	13	0	0	0	0	0	0	7	0
769	14 May 26	10:45:00	1	0	1	0	Ct	0	1	11	0	3	0	12	10	6	0	7	0	0	0	9	0	11	0	1	0	4	0	0	0	0	9	0	0	2	0	0	0	0	1
770	14 May 26	10:50:00	1	0	1	0	Ct	0	1	0	0	4	4	7	7	5	0	8	0	0	0	1	0	18	0	0	0	5	0	0	0	0	6	0	0	3	0	0	0	6	1
771	14 May 26	10:55:00	1	0	1	0	Ct	0	1	0	0	2	2	4	5	6	0	5	0	0	0	0	0	17	0	2	0	2	0	0	0	2	3	0	0	2	0	0	0	0	0
772	14 May 26	11:00:00	1	0	1	0	Ct	0	1	5	0	3	2	9	2	6	0	6	0	0	0	0	0	11	0	0	0	1	0	0	0	0	4	0	0	0	0	0	0	0	2
773	14 May 26	11:05:00	1	0	1	0	Ct	0	1	6	0	2	4	2	2	2	0	5	0	0	0	4	0	10	0	4	0	3	0	0	0	0	2	0	0	2	0	0	0	0	0
774	14 May 26	11:10:00	1	0	1	0	Ct	0	1	2	0	3	2	3	5	1	0	5	0	0	0	16	0	16	0	3	0	0	0	0	0	0	4	0	0	2	0	0	0	0	0
775	14 May 26	11:15:00	1	0	1	0	Ct	0	1	1	0	3	3	1	0	2	0	5	0	0	0	1	0	22	0	1	0	0	0	0	0	2	4	0	0	2	0	0	0	0	0
776	14 May 26	11:20:00	1	0	1	0	Ct	0	1	1	0	1	0	2	3	2	0	5	0	0	0	0	0	10	0	2	0	0	0	0	0	2	5	0	0	3	0	0	0	17	0
777	14 May 26	11:25:00	1	0	1	0	Ct	0	1	7	0	4	0	3	4	4	0	13	0	0	0	0	0	9	0	1	0	0	0	0	0	4	1	0	0	0	0	0	0	7	0
778	14 May 26	11:30:00	1	0	1	0	Ct	0	1	4	0	3	0	5	2	15	0	5	0	0	0	0	0	13	0	3	0	0	0	0	11	0	4	0	0	2	0	0	0	0	0
779	14 May 26	11:35:00	1	0	1	0	Ct	0	1	0	0	1	0	1	3	2	0	7	0	0	0	0	0	8	0	0	0	0	0	0	0	8	1	0	0	1	0	0	0	0	0
780	14 May 26	11:40:00	1	0	1	0	Ct	0	1	2	0	2	6	0	2	5	0	4	0	0	0	3	0	14	0	0	0	2	0	0	0	0	0	0	0	0	0	0	0	0	0
781	14 May 26	11:45:00	1	0	1	0	Ct	0	1	0	0	2	32	2	3	2	0	5	0	0	0	0	0	13	0	0	0	4	0	0	0	0	0	0	0	0	0	0	0	2	0
782	14 May 26	11:50:00	1	0	1	0	Ct	0	1	25	0	0	0	6	2	0	0	5	0	0	0	0	0	9	0	0	0	4	0	0	0	0	0	0	0	3	0	0	0	0	0
783	14 May 26	11:55:00	1	0	1	0	Ct	0	1	47	0	2	0	1	5	2	0	5	0	0	0	0	0	14	0	0	0	0	0	0	0	0	0	0	0	1	0	0	0	2	0
784	14 May 26	12:00:00	1	0	1	0	Ct	0	1	11	0	3	0	3	0	3	0	2	0	0	0	0	0	13	0	0	0	2	0	0	0	3	0	0	0	1	0	0	0	7	0
785	14 May 26	12:05:00	1	0	1	0	Ct	0	1	0	0	0	2	1	0	2	0	5	0	0	0	0	0	10	0	0	0	0	0	0	0	0	0	0	0	0	0	0	0	4	0
786	14 May 26	12:10:00	1	0	1	0	Ct	0	1	0	0	5	1	3	2	2	0	4	0	0	0	0	0	6	0	0	0	1	0	0	0	2	0	0	0	2	0	0	0	1	0
787	14 May 26	12:15:00	1	0	1	0	Ct	0	1	0	0	1	0	1	0	2	0	2	0	0	0	0	0	8	0	0	0	0	0	0	0	1	0	0	0	2	0	0	0	3	0
788	14 May 26	12:20:00	1	0	1	0	Ct	0	1	0	0	0	0	2	2	3	0	3	0	0	0	0	27	4	0	0	0	1	0	0	0	1	0	0	0	1	0	0	0	3	0
789	14 May 26	12:25:00	1	0	1	0	Ct	0	1	19	0	0	0	0	3	0	0	0	0	0	0	0	3	19	0	13	0	2	0	17	0	3	0	0	0	1	0	0	0	0	0
790	14 May 26	12:30:00	1	0	1	0	Ct	0	1	43	0	1	4	3	0	0	0	1	0	0	0	0	26	8	0	2	0	0	0	0	0	6	4	0	0	26	0	0	0	0	0
791	14 May 26	12:35:00	1	0	1	0	Ct	0	1	11	0	0	0	0	0	0	0	1	0	0	0	6	5	7	0	1	0	1	0	0	0	1	1	0	0	3	0	0	0	0	0
792	14 May 26	12:40:00	1	0	1	0	Ct	0	1	0	0	0	0	0	0	2	0	2	0	0	0	0	11	10	0	1	0	1	0	0	5	2	2	0	0	0	0	0	0	0	0
793	14 May 26	12:45:00	1	0	1	0	Ct	0	1	0	17	0	0	0	0	0	0	1	0	0	0	0	16	10	0	2	0	0	0	0	0	0	1	0	0	0	0	0	0	3	0
794	14 May 26	12:50:00	1	0	1	0	Ct	0	1	5	45	0	0	0	0	1	0	2	0	0	0	0	19	7	0	2	0	0	0	0	0	0	3	0	0	0	0	0	0	2	0
795	14 May 26	12:55:00	1	0	1	0	Ct	0	1	0	23	0	3	0	0	1	0	2	0	0	0	0	14	6	0	0	0	2	0	0	0	0	0	0	0	2	0	0	0	0	0
796	14 May 26	13:00:00	1	0	1	0	Ct	0	1	0	3	0	0	0	0	0	0	1	0	0	0	0	28	7	0	0	0	0	0	0	0	0	2	0	0	0	0	0	0	4	0
797	14 May 26	13:05:00	1	0	1	0	Ct	0	1	5	0	0	0	0	0	0	0	0	0	0	0	0	27	6	0	0	0	0	0	9	0	0	0	0	0	2	0	0	0	0	0
798	14 May 26	13:10:00	1	0	1	0	Ct	0	1	8	0	0	0	0	0	2	0	0	0	0	0	0	27	2	0	0	0	2	0	0	0	0	4	0	0	1	0	0	0	0	0
799	14 May 26	13:15:00	1	0	1	0	Ct	0	1	0	1	0	2	0	0	2	0	2	0	0	0	0	22	7	0	0	0	2	0	0	0	6	3	0	0	3	0	0	0	0	0
800	14 May 26	13:20:00	1	0	1	0	Ct	0	1	0	0	3	2	0	0	2	0	0	0	0	0	0	2	7	0	0	0	1	0	0	0	2	3	0	0	1	0	0	0	0	0
801	14 May 26	13:25:00	1	0	1	0	Ct	0	1	0	0	2	0	0	6	3	0	2	0	0	0	0	2	3	0	0	0	1	0	0	0	2	0	0	0	1	0	0	0	0	0
802	14 May 26	13:30:00	1	0	1	0	Ct	0	1	0	12	1	0	0	2	9	0	1	0	0	0	0	2	5	0	0	0	2	0	0	0	0	0	0	0	0	0	0	0	0	0
803	14 May 26	13:35:00	1	0	1	0	Ct	0	1	0	0	0	0	0	2	0	0	2	0	0	0	0	5	11	0	0	0	0	0	0	0	0	0	0	0	1	0	0	0	0	0
804	14 May 26	13:40:00	1	0	1	0	Ct	0	1	0	0	0	0	0	2	0	0	2	0	0	0	0	18	2	0	2	0	0	0	0	0	0	0	0	0	1	0	0	0	3	0
805	14 May 26	13:45:00	1	0	1	0	Ct	0	1	0	0	1	1	0	0	0	0	2	0	0	0	0	1	6	0	7	0	0	0	0	0	0	4	0	0	2	0	0	0	0	0
806	14 May 26	13:50:00	1	0	1	0	Ct	0	1	0	0	1	9	0	0	0	0	3	0	0	0	0	18	3	0	3	0	2	0	0	0	0	2	0	0	0	0	0	0	0	0
807	14 May 26	13:55:00	1	0	1	0	Ct	0	1	0	0	0	0	0	0	2	0	5	0	0	0	0	24	5	0	1	0	1	0	0	0	0	2	0	0	1	0	0	0	0	0
808	14 May 26	14:00:00	1	0	1	0	Ct	0	1	0	0	0	0	0	0	2	0	3	0	0	0	0	34	4	0	3	0	0	0	0	0	2	4	0	0	2	0	0	0	0	0
809	14 May 26	14:05:00	1	0	1	0	Ct	0	1	0	0	0	0	0	0	0	0	0	0	0	0	0	0	5	0	5	0	0	0	0	0	0	2	0	0	1	0	0	0	2	0
810	14 May 26	14:10:00	1	0	1	0	Ct	0	1	0	0	0	0	0	0	3	0	2	0	0	0	0	0	4	0	2	0	0	0	0	0	0	4	0	0	1	0	0	0	0	0
811	14 May 26	14:15:00	1	0	1	0	Ct	0	1	0	0	0	0	0	0	1	0	3	0	0	0	0	0	1	0	0	0	2	0	0	0	0	1	0	0	1	0	0	0	0	0
812	14 May 26	14:20:00	1	0	1	0	Ct	0	1	0	0	0	0	0	0	3	0	3	0	0	0	0	0	6	0	0	0	1	0	0	0	0	3	0	0	0	0	0	0	0	0
813	14 May 26	14:25:00	1	0	1	0	Ct	0	1	0	0	0	0	0	0	3	0	1	0	0	0	1	0	1	0	0	0	1	0	0	0	0	1	0	0	0	0	0	0	0	0
814	14 May 26	14:30:00	1	0	1	0	Ct	0	1	0	0	0	0	0	0	5	0	2	0	0	0	14	18	1	0	6	0	2	0	0	0	0	0	0	0	2	0	0	0	0	0
815	14 May 26	14:35:00	1	0	1	0	Ct	0	1	0	0	0	0	0	0	7	0	4	0	0	0	3	2	6	0	2	0	0	0	0	0	0	1	0	0	1	0	0	0	0	0
816	14 May 26	14:40:00	1	0	1	0	Ct	0	1	0	0	0	0	0	0	7	0	1	0	0	0	5	14	8	0	1	0	1	0	0	0	0	2	0	0	1	0	0	0	0	0
817	14 May 26	14:45:00	1	0	1	0	Ct	0	1	0	0	0	0	0	0	2	0	0	0	0	0	0	6	8	0	5	0	1	0	0	0	0	0	0	0	1	0	0	0	4	0
818	14 May 26	14:50:00	1	0	1	0	Ct	0	1	0	0	0	0	0	0	0	0	2	0	0	0	0	5	2	0	7	0	1	0	0	0	0	0	0	0	0	0	0	0	2	0
819	14 May 26	14:55:00	1	0	1	0	Ct	0	1	0	0	0	0	0	0	0	0	2	0	0	0	0	1	4	0	0	0	3	0	0	0	0	0	0	0	2	0	0	0	3	0
820	14 May 26	15:00:00	1	0	1	0	Ct	0	1	0	0	0	2	0	0	2	0	4	0	0	0	0	8	4	0	1	0	1	0	0	0	0	0	0	0	0	0	0	0	0	0
821	14 May 26	15:05:00	1	0	1	0	Ct	0	1	0	0	0	0	0	0	4	0	3	0	0	0	0	0	2	0	1	0	2	0	0	0	0	0	0	0	0	0	0	0	7	0
822	14 May 26	15:10:00	1	0	1	0	Ct	0	1	0	0	0	0	0	0	0	0	4	0	0	0	0	34	4	0	2	0	1	0	0	0	3	0	0	0	1	0	0	0	0	0
823	14 May 26	15:15:00	1	0	1	0	Ct	0	1	0	0	0	0	0	0	3	0	2	0	0	0	1	32	7	0	0	0	0	0	0	0	0	4	0	0	1	0	0	0	0	0
824	14 May 26	15:20:00	1	0	1	0	Ct	0	1	0	15	0	0	0	0	0	0	0	0	0	0	11	5	6	0	2	0	1	0	7	0	0	12	0	0	7	0	0	0	0	0
825	14 May 26	15:25:00	1	0	1	0	Ct	0	1	0	0	0	0	0	0	2	0	2	0	0	0	0	4	2	0	0	0	0	0	0	0	0	1	0	0	0	0	0	0	0	0
826	14 May 26	15:30:00	1	0	1	0	Ct	0	1	0	0	0	0	0	0	1	0	4	0	0	0	0	0	7	0	4	0	0	0	0	0	0	3	0	0	0	0	0	0	0	0
827	14 May 26	15:35:00	1	0	1	0	Ct	0	1	0	0	0	0	0	0	3	0	2	0	0	0	0	14	5	0	0	0	2	0	15	0	0	1	0	0	0	0	0	0	3	0
828	14 May 26	15:40:00	1	0	1	0	Ct	0	1	6	0	3	0	0	0	12	0	3	0	0	0	0	2	5	0	0	0	0	0	0	0	0	5	0	0	8	0	0	0	0	0
829	14 May 26	15:45:00	1	0	1	0	Ct	0	1	40	0	0	0	0	0	6	0	1	0	0	0	1	2	3	0	0	0	3	0	0	0	1	3	0	0	2	0	0	0	0	0
830	14 May 26	15:50:00	1	0	1	0	Ct	0	1	20	0	0	2	0	0	0	0	2	0	0	0	16	6	10	0	0	0	4	0	0	0	1	0	0	0	0	0	0	0	6	0
831	14 May 26	15:55:00	1	0	1	0	Ct	0	1	0	0	0	0	0	0	0	0	3	0	0	0	1	0	6	0	0	0	1	0	0	0	0	0	0	0	2	0	0	0	0	0
832	14 May 26	16:00:00	1	0	1	0	Ct	0	1	0	0	2	0	0	0	0	0	2	0	0	0	0	0	0	0	0	0	0	0	0	0	0	4	0	0	2	0	0	0	0	0
833	14 May 26	16:05:00	1	0	1	0	Ct	0	1	7	0	3	0	0	0	0	0	1	0	0	0	0	0	0	0	0	0	2	0	0	0	2	2	0	0	0	0	0	0	0	0
834	14 May 26	16:10:00	1	0	1	0	Ct	0	1	0	0	3	0	0	0	0	0	4	0	0	0	1	0	0	0	0	0	0	0	0	0	2	4	0	0	0	0	0	0	0	0
835	14 May 26	16:15:00	1	0	1	0	Ct	0	1	0	0	2	0	0	0	0	0	4	0	0	0	4	0	0	0	0	0	3	0	0	0	3	2	0	0	1	0	0	0	3	0
836	14 May 26	16:20:00	1	0	1	0	Ct	0	1	0	0	2	0	0	0	2	0	0	0	0	0	3	0	0	0	0	0	2	0	0	0	6	2	0	0	1	0	0	0	0	0
837	14 May 26	16:25:00	1	0	1	0	Ct	0	1	0	0	2	0	0	0	0	0	5	0	0	0	0	0	0	0	0	0	0	0	0	0	3	2	0	0	2	0	0	0	0	0
838	14 May 26	16:30:00	1	0	1	0	Ct	0	1	0	0	1	0	0	0	0	0	3	0	0	0	0	0	3	0	0	0	0	0	0	0	2	0	0	0	0	0	0	0	0	0
839	14 May 26	16:35:00	1	0	1	0	Ct	0	1	0	0	1	0	0	0	0	0	3	0	0	0	0	0	1	0	0	0	0	0	0	0	2	2	0	0	2	0	0	0	0	0
840	14 May 26	16:40:00	1	0	1	0	Ct	0	1	2	0	3	0	0	0	1	0	0	0	0	0	0	0	2	0	0	0	0	0	0	0	6	0	0	0	2	0	0	0	0	0
841	14 May 26	16:45:00	1	0	1	0	Ct	0	1	0	1	6	0	0	0	20	0	3	0	0	0	0	0	0	0	0	0	2	0	0	0	3	0	0	0	1	0	0	0	0	0
842	14 May 26	16:50:00	1	0	1	0	Ct	0	1	0	11	2	0	2	0	0	0	2	0	0	0	0	0	8	0	0	0	1	0	0	0	6	0	0	0	0	0	0	0	2	0
843	14 May 26	16:55:00	1	0	1	0	Ct	0	1	0	0	0	0	0	0	1	0	1	0	0	0	0	0	4	0	0	0	1	0	0	0	5	0	0	0	1	0	0	0	0	0
844	14 May 26	17:00:00	1	0	1	0	Ct	0	1	5	1	0	0	0	0	6	0	3	0	0	0	0	0	4	0	0	0	7	0	0	0	2	0	0	0	0	0	0	0	0	0
845	14 May 26	17:05:00	1	0	1	0	Ct	0	1	3	0	0	0	1	0	0	0	0	0	0	0	6	0	0	0	0	0	2	0	0	0	0	0	0	0	1	0	0	0	0	0
846	14 May 26	17:10:00	1	0	1	0	Ct	0	1	9	0	0	0	0	0	0	0	2	0	0	0	9	0	0	0	0	0	2	0	10	0	0	0	0	0	1	0	0	0	4	0
847	14 May 26	17:15:00	1	0	1	0	Ct	0	1	15	0	1	0	5	0	2	0	0	0	0	0	0	0	2	0	2	0	2	0	0	0	0	0	0	0	0	0	0	0	3	0
848	14 May 26	17:20:00	1	0	1	0	Ct	0	1	0	0	1	0	8	0	0	0	2	0	0	0	0	0	7	0	0	0	0	0	0	0	6	2	0	0	0	0	0	0	6	0
849	14 May 26	17:25:00	1	0	1	0	Ct	0	1	0	0	1	0	4	0	0	0	1	0	0	0	0	0	0	0	4	0	1	0	0	0	3	2	0	0	0	0	0	0	0	0
850	14 May 26	17:30:00	1	0	1	0	Ct	0	1	0	0	8	0	4	0	0	0	4	0	0	0	0	0	0	0	2	0	1	0	8	24	1	3	0	0	1	0	0	0	4	0
851	14 May 26	17:35:00	1	0	1	0	Ct	0	1	0	0	2	0	1	0	1	0	3	0	0	0	2	0	0	0	0	0	2	0	0	0	0	1	0	0	0	0	0	0	0	0
852	14 May 26	17:40:00	1	0	1	0	Ct	0	1	0	0	1	0	5	0	17	0	2	0	0	0	0	0	4	0	0	0	2	0	0	0	2	6	0	0	0	0	0	0	2	0
853	14 May 26	17:45:00	1	0	1	0	Ct	0	1	0	0	0	0	8	0	3	0	1	0	0	0	0	0	9	0	0	0	0	0	0	0	3	2	0	0	3	0	0	0	1	0
854	14 May 26	17:50:00	1	0	1	0	Ct	0	1	0	0	0	7	9	0	0	0	1	0	0	0	0	0	2	0	0	0	0	0	0	2	2	2	0	0	3	0	0	0	0	0
