2891	31 May 26	17:35:00	1	0	1	0	Ct	0	1	0	0	0	0	0	0	0	0	0	0	0	0	0	0	0	0	0	5	0	0	0	1	0	0	0	0	0	0	0	0	24	0
2892	31 May 26	17:40:00	1	0	1	0	Ct	0	1	24	0	0	0	0	0	0	0	0	0	1	0	0	0	0	0	0	7	5	0	0	2	0	0	0	0	0	0	0	0	0	0
2893	31 May 26	17:45:00	1	0	1	0	Ct	0	1	16	0	0	0	0	0	0	0	0	0	0	0	0	0	0	0	0	0	8	0	0	0	0	0	0	1	0	0	0	0	0	0
2894	31 May 26	17:50:00	1	0	1	0	Ct	0	1	0	0	0	0	0	0	0	0	0	0	0	0	0	0	0	0	0	0	3	0	0	0	0	0	0	0	1	0	0	0	0	0
2895	31 May 26	17:55:00	1	0	1	0	Ct	0	1	0	0	0	0	0	0	0	0	0	0	0	0	0	0	0	0	0	0	0	0	0	0	0	0	0	0	0	0	2	0	0	0
2896	31 May 26	18:00:00	1	0	1	0	Ct	0	1	0	0	0	0	15	0	0	0	0	1	1	0	0	0	0	0	0	0	0	0	0	4	0	0	0	6	0	5	0	0	0	0
2897	31 May 26	18:05:00	1	0	1	0	Ct	0	1	0	0	0	0	0	0	0	0	0	0	1	0	0	0	0	0	0	0	1	28	0	0	0	0	0	44	5	0	2	0	0	0
2898	31 May 26	18:10:00	1	0	1	0	Ct	0	1	0	0	0	0	0	0	0	0	0	0	0	0	0	0	0	0	0	0	2	8	3	1	0	0	0	2	0	0	0	0	0	0
2899	31 May 26	18:15:00	1	0	1	0	Ct	0	1	0	0	0	0	0	0	0	0	0	0	0	0	0	0	0	0	0	0	4	0	1	0	0	0	0	0	0	0	0	0	0	0
2900	31 May 26	18:20:00	1	0	1	0	Ct	0	1	0	0	18	0	0	0	0	0	0	0	0	0	0	0	0	0	12	0	1	0	0	0	0	0	0	0	0	0	0	0	0	0
2901	31 May 26	18:25:00	1	0	1	0	Ct	0	1	0	0	0	0	0	0	2	0	0	0	0	0	2	1	0	0	9	0	0	0	0	0	2	0	0	0	0	0	0	0	0	0
2902	31 May 26	18:30:00	1	0	1	0	Ct	0	1	2	0	3	0	0	0	0	0	0	0	5	0	13	1	0	0	1	0	0	0	0	0	1	7	0	0	0	0	0	0	0	0
2903	31 May 26	18:35:00	1	0	1	0	Ct	0	1	11	0	0	0	0	0	1	0	0	0	7	0	5	2	0	0	0	0	0	0	0	0	9	0	0	0	0	0	2	0	0	0
2904	31 May 26	18:40:00	1	0	1	0	Ct	0	1	0	0	0	0	0	0	0	0	0	0	1	0	8	3	0	0	0	0	0	0	0	2	1	0	0	0	0	11	2	0	0	0
2905	31 May 26	18:45:00	1	0	1	0	Ct	0	1	0	0	0	0	0	0	0	0	0	0	3	0	11	4	0	0	0	0	3	0	0	3	12	0	0	0	0	16	0	0	0	0
2906	31 May 26	18:50:00	1	0	1	0	Ct	0	1	0	0	8	0	0	0	0	0	0	0	6	0	9	6	0	0	0	0	4	0	0	5	9	0	0	0	0	0	0	0	0	0
2907	31 May 26	18:55:00	1	0	1	0	Ct	0	1	0	0	0	0	0	0	0	0	0	0	18	0	0	0	0	4	0	0	11	0	0	0	15	0	0	0	0	0	0	0	0	0
2908	31 May 26	19:00:00	1	0	1	0	Ct	0	1	0	0	0	0	0	0	0	0	0	0	0	0	0	1	0	1	0	0	0	0	0	2	0	0	0	0	0	16	0	0	26	0
2909	31 May 26	19:05:00	1	0	1	0	Ct	0	1	0	0	0	0	12	0	0	0	0	0	1	0	7	0	0	0	0	0	0	0	0	6	11	0	0	0	0	3	0	0	2	0
2910	31 May 26	19:10:00	1	0	1	0	Ct	0	1	0	0	2	0	10	0	0	0	0	0	1	0	1	6	0	0	0	0	5	0	0	7	7	0	0	0	0	1	0	0	3	0
2911	31 May 26	19:15:00	1	0	1	0	Ct	0	1	0	0	0	0	0	0	0	0	0	0	5	0	10	4	0	0	0	0	2	0	0	4	1	0	0	0	0	0	0	0	0	0
2912	31 May 26	19:20:00	1	0	1	0	Ct	0	1	0	0	4	0	3	0	0	0	0	0	0	0	10	4	0	0	4	0	5	0	0	6	3	0	0	1	0	0	1	0	0	0
2913	31 May 26	19:25:00	1	0	1	0	Ct	0	1	0	0	0	0	5	0	0	0	0	1	3	0	0	0	0	0	4	0	10	0	0	5	3	0	0	0	0	0	3	0	1	0
2914	31 May 26	19:30:00	1	0	1	0	Ct	0	1	0	0	0	0	15	0	0	0	0	0	1	0	1	0	0	0	0	0	0	0	0	7	1	0	0	0	0	1	4	0	0	0
2915	31 May 26	19:35:00	1	0	1	0	Ct	0	1	0	0	0	0	33	0	21	0	0	0	5	0	14	0	0	0	2	0	0	0	0	0	0	0	0	0	0	0	12	0	0	0
2916	31 May 26	19:40:00	1	0	1	0	Ct	0	1	0	0	0	0	0	0	0	0	0	0	0	0	10	2	0	0	2	31	0	0	0	4	0	0	0	0	0	4	13	0	0	0
2917	31 May 26	19:45:00	1	0	1	0	Ct	0	1	3	0	10	0	1	0	0	0	0	0	0	0	5	0	0	3	0	13	3	0	0	20	1	0	0	0	0	0	9	0	0	0
2918	31 May 26	19:50:00	1	0	1	0	Ct	0	1	8	0	13	0	4	0	0	0	0	0	3	0	3	0	0	0	4	0	6	0	0	5	9	0	0	0	4	0	8	0	0	0
2919	31 May 26	19:55:00	1	0	1	0	Ct	0	1	1	0	4	0	8	0	0	0	0	0	0	0	13	0	0	2	1	0	4	0	2	3	8	0	0	0	0	3	1	0	0	0
2920	31 May 26	20:00:00	1	0	1	0	Ct	0	1	1	0	0	0	26	0	0	0	0	0	18	0	12	0	0	8	0	0	6	0	0	7	3	0	0	0	0	1	3	0	5	0
2921	31 May 26	20:05:00	1	0	1	0	Ct	0	1	0	0	0	0	0	0	29	0	0	0	18	0	8	0	0	0	0	0	0	0	2	5	2	0	0	0	0	0	4	0	3	0
2922	31 May 26	20:10:00	1	0	1	0	Ct	0	1	0	0	3	0	8	0	6	0	0	0	0	0	12	0	0	0	2	0	4	0	2	2	1	0	0	0	0	0	7	0	0	0
2923	31 May 26	20:15:00	1	0	1	0	Ct	0	1	0	0	1	0	5	0	4	0	0	1	1	0	9	24	0	9	8	0	5	0	0	2	1	0	0	0	14	2	4	0	0	0
2924	31 May 26	20:20:00	1	0	1	0	Ct	0	1	0	0	4	0	0	0	6	0	0	0	12	0	4	0	0	0	12	19	3	0	0	1	0	0	0	0	10	13	7	0	0	0
2925	31 May 26	20:25:00	1	0	1	0	Ct	0	1	0	0	2	0	0	0	1	0	0	0	0	0	2	0	0	0	9	2	2	0	0	2	20	0	0	3	0	0	4	0	8	0
2926	31 May 26	20:30:00	1	0	1	0	Ct	0	1	0	0	4	0	2	0	40	0	0	0	1	0	7	0	0	5	1	2	4	0	0	5	14	0	0	9	6	0	2	0	3	0
2927	31 May 26	20:35:00	1	0	1	0	Ct	0	1	0	0	0	0	0	0	0	0	0	0	18	0	10	0	0	8	1	4	5	0	1	14	0	0	0	14	0	4	4	0	0	0
2928	31 May 26	20:40:00	1	0	1	0	Ct	0	1	0	0	3	0	0	0	12	0	0	13	12	0	0	0	0	0	6	1	9	0	19	3	3	0	0	0	0	0	10	0	0	0
2929	31 May 26	20:45:00	1	0	1	0	Ct	0	1	0	0	6	0	2	0	7	0	0	18	2	0	1	0	0	0	4	16	4	0	56	6	0	0	0	0	0	3	8	0	0	0
2930	31 May 26	20:50:00	1	0	1	0	Ct	0	1	0	0	0	0	10	0	0	0	0	9	1	0	14	26	0	5	9	1	1	0	0	13	21	0	0	0	0	9	9	0	5	0
2931	31 May 26	20:55:00	1	0	1	0	Ct	0	1	11	0	0	0	3	0	3	0	0	3	1	0	0	13	0	0	5	13	14	0	0	9	0	0	0	0	0	1	15	0	0	0
2932	31 May 26	21:00:00	1	0	1	0	Ct	0	1	0	0	3	0	12	0	0	0	0	0	2	0	4	8	0	0	5	0	4	0	0	9	1	0	0	0	0	0	10	0	0	0
2933	31 May 26	21:05:00	1	0	1	0	Ct	0	1	0	0	26	0	2	0	0	0	0	6	2	0	12	6	0	0	17	10	4	0	0	5	0	0	0	0	0	3	5	0	4	0
2934	31 May 26	21:10:00	1	0	1	0	Ct	0	1	0	0	3	0	13	0	0	0	0	6	3	0	14	4	0	0	3	3	2	0	0	3	2	0	0	0	0	2	3	0	0	0
2935	31 May 26	21:15:00	1	0	1	0	Ct	0	1	0	0	15	0	1	0	0	0	0	12	14	0	0	11	0	0	8	2	21	0	0	6	5	0	0	0	0	2	5	0	0	0
2936	31 May 26	21:20:00	1	0	1	0	Ct	0	1	0	0	9	0	0	0	0	0	0	3	0	0	8	16	0	3	2	3	1	0	0	0	0	0	0	3	0	0	5	0	0	0
2937	31 May 26	21:25:00	1	0	1	0	Ct	0	1	0	0	17	0	1	0	0	0	0	0	1	0	10	16	0	0	1	0	0	0	0	0	0	0	0	0	0	4	7	0	0	0
2938	31 May 26	21:30:00	1	0	1	0	Ct	0	1	2	0	5	0	35	0	9	0	0	6	2	0	2	25	0	0	4	0	2	0	0	1	2	0	0	0	0	3	1	0	0	0
2939	31 May 26	21:35:00	1	0	1	0	Ct	0	1	17	0	8	0	28	0	6	0	0	5	5	0	1	4	0	0	2	0	17	0	0	8	5	0	0	0	0	36	6	0	0	0
2940	31 May 26	21:40:00	1	0	1	0	Ct	0	1	0	0	0	0	6	0	40	0	0	0	1	0	2	11	0	0	0	0	1	39	0	5	19	0	0	54	9	11	10	0	0	0
2941	31 May 26	21:45:00	1	0	1	0	Ct	0	1	16	0	3	0	0	0	14	0	0	6	0	0	1	6	0	0	11	0	1	8	2	2	0	0	0	0	20	2	10	0	7	0
2942	31 May 26	21:50:00	1	0	1	0	Ct	0	1	9	0	0	0	0	0	0	0	0	11	0	0	0	12	0	5	3	0	1	4	7	0	0	0	0	0	20	0	2	0	63	0
2943	31 May 26	21:55:00	1	0	1	0	Ct	0	1	0	0	0	0	2	0	1	0	0	0	1	0	0	4	0	0	2	0	2	6	0	3	1	0	0	0	26	25	4	0	1	0
2944	31 May 26	22:00:00	1	0	1	0	Ct	0	1	0	0	0	0	2	0	3	0	0	1	0	0	2	9	0	0	0	13	1	38	0	1	0	0	0	6	10	28	4	0	0	0
2945	31 May 26	22:05:00	1	0	1	0	Ct	0	1	3	0	8	0	6	0	27	0	20	1	8	0	12	14	0	0	31	4	11	0	1	3	0	0	0	5	0	9	12	0	7	0
2946	31 May 26	22:10:00	1	0	1	0	Ct	0	0	23	0	10	0	12	0	19	0	28	12	5	0	8	11	0	0	2	1	6	0	0	30	0	0	0	3	0	47	2	0	48	0
2947	31 May 26	22:15:00	1	0	1	0	Ct	0	0	2	0	13	0	15	0	6	0	20	1	4	0	7	11	0	0	1	0	7	0	0	0	0	0	0	0	0	7	2	0	5	0
2948	31 May 26	22:20:00	1	0	1	0	Ct	0	0	2	0	7	0	7	0	22	0	15	14	9	0	13	12	0	0	1	3	0	0	0	0	0	0	0	0	0	5	3	0	0	0
2949	31 May 26	22:25:00	1	0	1	0	Ct	0	0	1	0	8	0	10	0	13	0	25	5	4	0	6	11	0	0	4	5	0	0	0	0	0	0	0	0	0	2	0	0	0	0
2950	31 May 26	22:30:00	1	0	1	0	Ct	0	0	0	0	3	0	8	0	0	0	0	4	2	0	7	13	0	0	0	0	0	0	0	0	0	0	0	0	0	1	2	0	4	0
2951	31 May 26	22:35:00	1	0	1	0	Ct	0	0	0	0	3	0	13	0	0	0	4	8	5	0	0	7	0	0	0	0	0	0	0	0	0	0	0	0	0	1	0	0	1	0
2952	31 May 26	22:40:00	1	0	1	0	Ct	0	0	0	0	11	0	12	0	0	0	19	5	0	0	0	9	0	0	0	1	0	0	0	0	0	0	0	0	0	1	2	0	10	0
2953	31 May 26	22:45:00	1	0	1	0	Ct	0	0	0	0	7	0	0	0	0	0	15	7	4	0	0	8	0	0	0	3	0	0	0	0	0	0	0	0	0	0	0	0	0	0
2954	31 May 26	22:50:00	1	0	1	0	Ct	0	0	0	0	9	0	25	0	0	0	4	1	2	0	0	17	0	0	1	0	0	0	0	0	0	0	0	0	0	0	0	0	2	0
2955	31 May 26	22:55:00	1	0	1	0	Ct	0	0	0	0	3	0	9	0	0	0	26	1	1	0	3	2	0	0	0	0	0	0	0	0	0	0	0	0	0	0	0	0	1	0
2956	31 May 26	23:00:00	1	0	1	0	Ct	0	0	0	0	1	0	0	0	0	0	23	0	4	0	11	0	0	0	0	0	0	0	0	0	0	0	0	0	0	0	0	0	0	0
2957	31 May 26	23:05:00	1	0	1	0	Ct	0	0	0	0	3	0	0	0	0	0	9	0	0	0	1	0	0	9	0	0	0	0	0	0	0	0	0	0	0	0	0	0	0	0
2958	31 May 26	23:10:00	1	0	1	0	Ct	0	0	0	0	5	0	0	0	0	0	4	0	2	0	0	0	0	5	0	0	0	0	0	0	0	0	0	0	0	0	0	0	10	0
2959	31 May 26	23:15:00	1	0	1	0	Ct	0	0	0	0	3	0	0	0	7	0	12	0	13	0	0	0	0	0	0	1	0	0	0	0	0	0	0	0	0	0	0	0	2	0
2960	31 May 26	23:20:00	1	0	1	0	Ct	0	0	0	0	0	0	0	0	0	0	1	22	3	0	0	4	0	0	0	0	0	0	33	0	6	0	0	0	0	0	0	0	12	0
2961	31 May 26	23:25:00	1	0	1	0	Ct	0	0	0	0	0	0	0	0	0	0	11	6	0	0	0	14	0	0	0	0	0	0	0	0	1	0	0	0	0	0	0	0	2	0
2962	31 May 26	23:30:00	1	0	1	0	Ct	0	0	0	0	0	0	0	0	2	0	42	20	0	0	0	1	0	11	0	0	0	0	0	0	1	0	0	0	0	0	0	0	6	0
2963	31 May 26	23:35:00	1	0	1	0	Ct	0	0	0	0	0	0	0	0	4	0	15	2	0	0	3	0	0	1	0	3	0	0	0	0	0	0	0	0	0	0	0	0	14	0
2964	31 May 26	23:40:00	1	0	1	0	Ct	0	0	0	0	0	0	0	0	7	0	10	37	4	0	0	0	0	19	0	3	0	0	0	0	0	0	0	0	0	0	0	0	14	0
2965	31 May 26	23:45:00	1	0	1	0	Ct	0	0	0	0	0	0	0	0	3	0	0	19	0	0	0	0	0	1	0	1	0	0	0	0	0	0	0	0	0	0	0	0	14	0
2966	31 May 26	23:50:00	1	0	1	0	Ct	0	0	0	0	0	0	0	0	0	0	0	8	1	0	0	0	0	0	0	2	0	0	0	0	0	0	0	0	0	0	0	0	11	0
2967	31 May 26	23:55:00	1	0	1	0	Ct	0	0	0	0	0	0	0	0	0	0	0	2	17	0	0	0	0	0	0	0	0	0	11	0	0	0	0	0	0	63	4	0	3	0
2968	1 Jun 26	00:00:00	1	0	1	0	Ct	0	0	0	0	0	0	0	0	13	0	0	1	1	0	0	0	0	0	0	0	0	0	26	0	0	0	0	0	0	33	0	0	8	0
2969	1 Jun 26	00:05:00	1	0	1	0	Ct	0	0	0	0	0	0	0	0	10	0	0	20	0	0	0	0	0	0	0	0	0	0	6	0	0	0	0	0	0	0	0	0	13	0
2970	1 Jun 26	00:10:00	1	0	1	0	Ct	0	0	0	0	0	0	0	0	0	0	0	1	0	0	0	0	0	0	0	0	0	0	2	0	0	0	0	0	0	0	2	0	8	0
2971	1 Jun 26	00:15:00	1	0	1	0	Ct	0	0	0	0	0	0	0	0	0	0	0	0	0	0	0	0	0	0	0	2	0	0	0	0	0	0	0	0	0	1	0	0	8	0
2972	1 Jun 26	00:20:00	1	0	1	0	Ct	0	0	0	0	0	0	0	0	0	0	0	0	0	0	0	0	0	0	0	0	0	0	1	0	0	0	0	0	0	0	1	0	3	0
2973	1 Jun 26	00:25:00	1	0	1	0	Ct	0	0	0	0	31	0	0	0	0	0	0	0	0	0	0	0	0	0	0	0	0	0	0	0	0	0	0	0	0	0	0	0	1	0
2974	1 Jun 26	00:30:00	1	0	1	0	Ct	0	0	0	0	25	0	0	0	0	0	0	0	0	0	0	0	0	0	0	0	0	0	9	0	0	0	0	0	0	2	0	0	0	0
2975	1 Jun 26	00:35:00	1	0	1	0	Ct	0	0	0	0	6	0	0	0	0	0	0	0	0	0	0	0	0	0	0	0	0	0	24	0	0	0	0	0	0	1	0	0	7	0
2976	1 Jun 26	00:40:00	1	0	1	0	Ct	0	0	0	0	17	0	0	0	0	0	0	0	0	0	0	0	0	0	0	0	0	0	36	0	6	0	0	0	0	1	0	0	0	0
2977	1 Jun 26	00:45:00	1	0	1	0	Ct	0	0	0	0	2	0	0	0	0	0	0	0	0	0	0	0	0	0	0	0	0	0	31	0	0	0	0	0	0	1	0	0	0	0
2978	1 Jun 26	00:50:00	1	0	1	0	Ct	0	0	0	0	10	0	0	0	0	0	0	0	0	0	0	0	0	0	0	0	0	0	6	0	1	0	0	0	0	2	0	0	1	0
2979	1 Jun 26	00:55:00	1	0	1	0	Ct	0	0	0	0	3	0	0	0	0	0	0	0	0	0	31	32	0	0	0	0	0	0	0	0	0	0	0	0	0	1	0	0	0	0
2980	1 Jun 26	01:00:00	1	0	1	0	Ct	0	0	0	0	0	0	0	0	0	0	0	4	0	0	40	34	0	0	0	0	0	0	0	0	0	0	0	0	0	0	1	0	3	0
2981	1 Jun 26	01:05:00	1	0	1	0	Ct	0	0	0	0	0	0	0	0	0	0	0	0	0	0	0	11	0	0	0	0	0	0	0	0	4	0	0	27	0	0	0	0	4	0
2982	1 Jun 26	01:10:00	1	0	1	0	Ct	0	0	0	0	0	0	0	0	0	0	0	0	0	0	7	13	0	0	0	0	0	0	0	0	0	0	0	0	0	0	0	0	28	0
2983	1 Jun 26	01:15:00	1	0	1	0	Ct	0	0	0	0	0	0	0	0	0	0	0	0	0	0	6	0	0	0	0	0	0	0	0	0	0	0	0	0	0	1	0	0	8	0
2984	1 Jun 26	01:20:00	1	0	1	0	Ct	0	0	0	0	0	0	0	0	0	0	0	0	0	0	22	0	0	0	0	0	0	0	1	0	0	0	0	0	0	2	5	0	13	0
2985	1 Jun 26	01:25:00	1	0	1	0	Ct	0	0	0	0	0	0	0	0	0	0	0	0	0	0	5	0	0	0	0	0	0	0	0	0	0	0	0	0	0	2	2	0	18	0
2986	1 Jun 26	01:30:00	1	0	1	0	Ct	0	0	0	0	0	0	0	0	0	0	0	0	0	0	0	0	0	0	0	0	0	0	2	0	2	0	0	0	0	0	2	0	0	0
2987	1 Jun 26	01:35:00	1	0	1	0	Ct	0	0	0	0	0	0	0	0	0	0	0	0	0	0	0	0	0	0	0	0	0	0	3	0	15	0	0	0	0	0	10	0	0	0
2988	1 Jun 26	01:40:00	1	0	1	0	Ct	0	0	0	0	0	0	0	0	0	0	0	0	0	0	0	0	0	0	1	0	0	0	0	0	0	0	0	0	0	2	4	0	5	0
2989	1 Jun 26	01:45:00	1	0	1	0	Ct	0	0	0	0	11	0	0	0	1	0	0	0	0	0	0	1	0	0	0	0	0	0	0	0	0	0	0	0	0	7	0	0	3	0
2990	1 Jun 26	01:50:00	1	0	1	0	Ct	0	0	0	0	5	0	0	0	0	0	0	0	0	0	0	4	0	0	0	0	0	0	0	0	3	0	0	0	0	0	0	0	2	0
2991	1 Jun 26	01:55:00	1	0	1	0	Ct	0	0	0	0	13	0	0	0	0	0	0	0	0	0	0	0	0	0	0	0	0	0	0	0	4	0	0	0	0	0	0	0	5	0
2992	1 Jun 26	02:00:00	1	0	1	0	Ct	0	0	0	0	0	0	0	0	0	0	0	0	4	0	0	2	0	0	0	0	0	0	0	0	63	0	0	0	0	4	4	0	11	0
2993	1 Jun 26	02:05:00	1	0	1	0	Ct	0	0	0	0	0	0	0	0	0	0	0	0	0	0	0	14	0	0	0	0	0	0	0	0	7	0	0	0	0	0	0	0	4	0
2994	1 Jun 26	02:10:00	1	0	1	0	Ct	0	0	0	0	0	0	0	0	0	0	0	0	0	0	0	4	0	0	0	0	0	0	0	0	0	0	0	0	0	0	0	0	0	0
2995	1 Jun 26	02:15:00	1	0	1	0	Ct	0	0	0	0	0	0	0	0	0	0	0	0	0	0	0	0	0	0	0	0	0	0	0	0	0	0	0	0	0	0	0	0	1	0
2996	1 Jun 26	02:20:00	1	0	1	0	Ct	0	0	0	0	0	0	0	0	0	0	0	0	0	0	0	0	0	0	0	0	0	0	0	0	0	0	0	0	0	0	0	0	4	0
2997	1 Jun 26	02:25:00	1	0	1	0	Ct	0	0	0	0	0	0	0	0	0	0	0	0	1	0	0	0	0	0	0	0	0	0	0	0	0	0	0	0	0	0	0	0	15	0
2998	1 Jun 26	02:30:00	1	0	1	0	Ct	0	0	0	0	0	0	0	0	0	0	0	0	0	0	0	0	0	0	0	0	0	0	0	0	5	0	0	0	0	0	0	0	0	0
2999	1 Jun 26	02:35:00	1	0	1	0	Ct	0	0	0	0	0	0	0	0	0	0	0	0	0	0	0	1	0	0	0	0	0	0	0	0	10	0	0	0	0	0	0	0	0	0
3000	1 Jun 26	02:40:00	1	0	1	0	Ct	0	0	0	0	0	0	0	0	0	0	0	0	0	0	0	8	0	0	0	0	0	0	0	0	0	0	0	0	0	0	0	0	0	0
3001	1 Jun 26	02:45:00	1	0	1	0	Ct	0	0	0	0	0	0	0	0	0	0	0	0	0	0	0	3	0	0	0	0	0	0	0	0	0	0	0	0	0	0	0	0	0	0
3002	1 Jun 26	02:50:00	1	0	1	0	Ct	0	0	0	0	0	0	0	0	0	0	0	0	0	0	0	13	0	0	0	0	0	0	0	0	0	0	0	0	0	0	0	0	18	0
3003	1 Jun 26	02:55:00	1	0	1	0	Ct	0	0	0	0	0	0	0	0	0	0	0	0	0	0	0	0	0	0	0	0	0	0	0	0	0	0	0	0	0	0	0	0	41	0
3004	1 Jun 26	03:00:00	1	0	1	0	Ct	0	0	0	0	0	0	0	0	0	0	0	0	0	0	0	0	0	0	0	0	0	0	0	0	0	0	0	0	0	0	0	0	0	0
3005	1 Jun 26	03:05:00	1	0	1	0	Ct	0	0	0	0	0	0	0	0	0	0	0	0	0	0	0	0	0	0	0	0	0	0	0	0	0	0	0	0	0	0	0	0	0	0
3006	1 Jun 26	03:10:00	1	0	1	0	Ct	0	0	0	0	0	0	0	0	0	0	0	0	0	0	0	0	0	0	0	0	0	0	37	0	1	0	0	0	0	0	0	0	0	0
3007	1 Jun 26	03:15:00	1	0	1	0	Ct	0	0	0	0	1	0	0	0	12	0	0	0	0	0	0	0	0	0	0	0	0	0	0	0	0	0	0	0	0	0	0	0	0	0
3008	1 Jun 26	03:20:00	1	0	1	0	Ct	0	0	0	0	2	0	0	0	8	0	0	0	0	0	0	0	0	0	0	0	0	0	0	0	0	0	0	0	0	0	0	0	0	0
3009	1 Jun 26	03:25:00	1	0	1	0	Ct	0	0	0	0	0	0	0	0	5	0	0	0	0	0	0	0	0	0	1	0	0	0	0	0	2	0	0	0	0	0	0	0	0	0
3010	1 Jun 26	03:30:00	1	0	1	0	Ct	0	0	0	0	0	0	0	0	3	0	0	0	0	0	0	0	0	0	1	0	0	0	0	0	0	0	0	0	0	0	0	0	0	0
3011	1 Jun 26	03:35:00	1	0	1	0	Ct	0	0	0	0	4	0	0	0	0	0	0	0	0	0	0	0	0	0	0	0	0	0	0	0	0	0	0	0	0	0	0	0	0	0
3012	1 Jun 26	03:40:00	1	0	1	0	Ct	0	0	0	0	1	0	0	0	0	0	0	0	0	0	0	0	0	0	3	0	0	0	0	0	0	0	0	0	0	0	0	0	0	0
3013	1 Jun 26	03:45:00	1	0	1	0	Ct	0	0	0	0	2	0	0	0	0	0	0	0	0	0	0	0	0	12	7	0	0	0	0	0	0	0	0	0	0	2	0	0	0	0
3014	1 Jun 26	03:50:00	1	0	1	0	Ct	0	0	0	0	0	0	0	0	0	0	0	0	0	0	0	0	0	50	7	0	0	0	0	0	0	0	0	0	0	0	0	0	0	0
3015	1 Jun 26	03:55:00	1	0	1	0	Ct	0	0	0	0	0	0	0	0	0	0	0	0	0	0	0	0	0	0	25	0	0	0	0	0	0	0	0	0	0	0	0	0	0	0
3016	1 Jun 26	04:00:00	1	0	1	0	Ct	0	0	0	0	0	0	0	0	0	0	0	0	0	0	0	0	0	0	0	13	0	0	0	0	1	0	0	0	0	0	0	0	0	0
3017	1 Jun 26	04:05:00	1	0	1	0	Ct	0	0	0	0	0	0	0	0	0	0	0	0	0	0	0	1	0	0	0	13	0	0	0	0	3	0	0	0	0	0	0	0	0	0
3018	1 Jun 26	04:10:00	1	0	1	0	Ct	0	0	0	0	0	0	0	0	0	0	0	0	0	0	0	5	0	0	4	0	0	0	0	0	6	0	0	0	0	0	0	0	0	0
3019	1 Jun 26	04:15:00	1	0	1	0	Ct	0	0	0	0	0	0	0	0	0	0	0	2	0	0	0	9	0	0	3	0	0	0	0	0	0	0	0	0	0	0	0	0	0	0
3020	1 Jun 26	04:20:00	1	0	1	0	Ct	0	0	0	0	0	0	0	0	0	0	21	0	0	0	0	0	0	0	0	0	0	0	0	0	1	0	0	0	0	0	0	0	0	0
3021	1 Jun 26	04:25:00	1	0	1	0	Ct	0	0	0	0	0	0	0	0	0	0	0	1	0	0	0	0	0	0	4	0	0	0	0	0	0	0	0	0	0	0	0	0	0	0
3022	1 Jun 26	04:30:00	1	0	1	0	Ct	0	0	0	0	0	0	0	0	0	0	0	0	1	0	0	0	0	0	0	0	0	0	0	0	1	0	0	0	0	0	0	0	0	0
3023	1 Jun 26	04:35:00	1	0	1	0	Ct	0	0	0	0	0	0	0	0	0	0	11	0	9	0	0	0	0	0	0	0	0	0	3	0	0	0	0	0	0	0	0	0	20	0
3024	1 Jun 26	04:40:00	1	0	1	0	Ct	0	0	0	0	0	0	0	0	0	0	0	0	14	0	0	0	0	0	1	0	0	0	26	0	0	0	0	0	0	0	0	0	0	0
3025	1 Jun 26	04:45:00	1	0	1	0	Ct	0	0	0	0	0	0	0	0	3	0	0	0	1	0	0	0	0	0	7	0	0	0	15	0	0	0	0	0	0	0	7	0	0	0
3026	1 Jun 26	04:50:00	1	0	1	0	Ct	0	0	0	0	0	0	0	0	0	0	0	0	0	0	0	0	0	0	0	0	0	0	0	0	0	0	0	0	0	0	2	0	0	0
3027	1 Jun 26	04:55:00	1	0	1	0	Ct	0	0	0	0	0	0	0	0	0	0	0	0	0	0	0	0	0	0	0	0	0	0	6	0	1	0	0	0	0	0	9	0	0	0
3028	1 Jun 26	05:00:00	1	0	1	0	Ct	0	0	0	0	0	0	0	0	0	0	0	0	0	0	0	0	0	0	14	0	0	0	0	0	0	0	0	0	0	0	0	0	0	0
3029	1 Jun 26	05:05:00	1	0	1	0	Ct	0	0	0	0	0	0	0	0	0	0	0	0	0	0	0	0	0	0	0	0	0	0	0	0	0	0	0	0	0	0	0	0	0	0
3030	1 Jun 26	05:10:00	1	0	1	0	Ct	0	0	0	0	0	0	0	0	0	0	0	0	0	0	0	0	0	0	2	0	0	0	0	0	1	0	0	0	0	0	0	0	0	0
3031	1 Jun 26	05:15:00	1	0	1	0	Ct	0	0	0	0	0	0	0	0	0	0	0	0	0	0	0	0	0	0	8	0	0	0	5	0	3	0	0	0	0	0	2	0	0	0
3032	1 Jun 26	05:20:00	1	0	1	0	Ct	0	0	0	0	0	0	0	0	0	0	0	0	0	0	0	5	0	0	0	0	0	0	0	0	2	0	0	0	0	0	0	0	0	0
3033	1 Jun 26	05:25:00	1	0	1	0	Ct	0	0	0	0	0	0	0	0	0	0	0	0	7	0	0	8	0	0	4	0	0	0	6	0	6	0	0	0	0	0	0	0	0	0
3034	1 Jun 26	05:30:00	1	0	1	0	Ct	0	0	0	0	0	0	0	0	0	0	0	0	0	0	0	3	0	0	1	0	0	0	16	2	8	0	0	4	0	0	0	0	0	0
3035	1 Jun 26	05:35:00	1	0	1	0	Ct	0	0	0	0	0	0	0	0	0	0	0	0	1	0	0	0	0	0	1	0	0	0	0	0	0	0	0	27	0	0	0	0	0	0
3036	1 Jun 26	05:40:00	1	0	1	0	Ct	0	0	0	0	0	0	0	0	0	0	0	0	2	0	0	0	0	0	10	0	0	0	0	0	0	0	0	9	0	0	0	0	0	0
3037	1 Jun 26	05:45:00	1	0	1	0	Ct	0	0	0	0	0	0	0	0	0	0	0	0	2	0	10	0	0	0	0	0	0	0	0	0	0	0	0	0	0	0	0	0	0	0
3038	1 Jun 26	05:50:00	1	0	1	0	Ct	0	0	0	0	0	0	0	0	0	0	0	0	0	0	0	0	0	0	3	0	0	0	0	0	0	0	0	1	0	0	0	0	0	0
3039	1 Jun 26	05:55:00	1	0	1	0	Ct	0	0	0	0	0	0	0	0	0	0	0	0	9	0	0	0	0	0	19	0	0	0	0	0	0	0	0	4	0	0	0	0	0	0
3040	1 Jun 26	06:00:00	1	0	1	0	Ct	0	0	0	0	0	0	0	0	0	0	0	0	3	0	0	0	0	0	18	0	0	0	0	0	0	0	0	0	0	0	0	0	0	0
3041	1 Jun 26	06:05:00	1	0	1	0	Ct	0	0	0	0	0	0	0	0	0	0	0	0	1	0	0	0	0	0	0	0	0	0	0	0	1	0	0	1	0	0	0	0	0	0
3042	1 Jun 26	06:10:00	1	0	1	0	Ct	0	0	0	0	0	0	0	0	0	0	0	57	2	0	0	0	0	0	0	0	0	0	0	0	2	0	0	1	0	0	0	0	0	0
3043	1 Jun 26	06:15:00	1	0	1	0	Ct	0	0	0	0	0	0	0	0	0	0	0	2	24	0	0	0	0	0	0	0	0	0	0	0	0	0	0	0	0	0	0	0	0	0
3044	1 Jun 26	06:20:00	1	0	1	0	Ct	0	0	0	0	0	0	0	0	0	0	0	0	12	0	0	0	0	0	0	0	0	0	0	0	0	0	0	1	0	0	3	0	0	0
3045	1 Jun 26	06:25:00	1	0	1	0	Ct	0	0	0	0	0	0	0	0	0	0	0	0	0	0	0	0	0	0	0	0	0	0	0	0	0	0	0	0	0	0	0	0	0	0
3046	1 Jun 26	06:30:00	1	0	1	0	Ct	0	0	0	0	0	0	0	0	0	0	0	0	0	0	0	0	0	0	0	0	0	0	0	0	0	0	0	0	0	0	0	0	0	0
3047	1 Jun 26	06:35:00	1	0	1	0	Ct	0	0	0	0	0	0	0	0	0	0	0	0	0	0	8	0	0	0	0	0	0	0	0	0	0	0	0	0	0	0	0	0	0	0
3048	1 Jun 26	06:40:00	1	0	1	0	Ct	0	0	0	0	0	0	0	0	0	0	0	0	0	0	0	3	0	0	0	0	0	0	0	0	0	0	0	0	0	0	0	0	0	0
3049	1 Jun 26	06:45:00	1	0	1	0	Ct	0	0	0	0	0	0	0	0	0	0	0	0	0	0	3	13	0	0	0	0	0	0	0	0	0	0	0	0	0	0	0	0	0	0
3050	1 Jun 26	06:50:00	1	0	1	0	Ct	0	0	0	0	0	0	0	0	0	0	0	0	0	0	15	11	0	0	0	0	0	0	0	0	0	0	0	0	0	0	0	0	0	0
3051	1 Jun 26	06:55:00	1	0	1	0	Ct	0	0	0	0	0	0	0	0	0	0	0	0	0	0	2	6	0	0	0	0	0	0	0	0	0	0	0	0	0	0	0	0	0	0
3052	1 Jun 26	07:00:00	1	0	1	0	Ct	0	0	0	0	0	0	0	0	0	0	0	0	0	0	0	2	0	0	0	0	0	0	15	10	0	0	0	0	0	5	0	0	0	0
3053	1 Jun 26	07:05:00	1	0	1	0	Ct	0	0	0	0	0	0	0	0	0	0	0	0	0	0	0	0	0	3	0	0	0	0	1	0	0	0	0	0	0	42	0	0	0	0
3054	1 Jun 26	07:10:00	1	0	1	0	Ct	0	0	0	0	0	0	0	0	0	0	0	0	0	0	0	0	0	0	0	0	0	0	23	29	0	0	0	0	0	0	0	0	0	0
3055	1 Jun 26	07:15:00	1	0	1	0	Ct	0	0	0	0	0	0	0	0	0	0	0	0	4	0	0	0	0	0	0	0	0	0	0	30	1	0	0	1	0	0	0	0	0	0
3056	1 Jun 26	07:20:00	1	0	1	0	Ct	0	0	0	0	0	0	0	0	0	0	0	0	0	0	0	0	0	0	0	0	0	0	0	32	0	0	0	0	0	0	0	0	0	0
3057	1 Jun 26	07:25:00	1	0	1	0	Ct	0	0	0	0	0	0	0	0	0	0	0	0	0	0	0	0	0	0	0	0	0	0	0	1	0	0	0	0	0	0	0	0	0	0
3058	1 Jun 26	07:30:00	1	0	1	0	Ct	0	0	0	0	0	0	0	0	0	0	0	0	0	0	0	0	0	0	0	0	0	0	6	2	4	0	0	0	0	0	0	0	0	0
3059	1 Jun 26	07:35:00	1	0	1	0	Ct	0	0	0	0	0	0	0	0	0	0	0	0	0	0	0	0	0	0	0	0	0	0	0	1	1	0	0	0	0	0	0	0	0	0
3060	1 Jun 26	07:40:00	1	0	1	0	Ct	0	0	0	0	0	0	0	0	0	0	0	0	0	0	0	0	0	0	0	0	0	0	0	2	0	0	0	0	0	0	0	0	0	0
3061	1 Jun 26	07:45:00	1	0	1	0	Ct	0	0	0	0	0	0	0	0	0	0	0	0	0	0	0	2	0	0	0	0	0	0	0	6	0	0	0	0	0	0	0	0	0	0
3062	1 Jun 26	07:50:00	1	0	1	0	Ct	0	0	0	0	0	0	0	0	0	0	0	0	19	0	0	0	0	0	0	0	0	0	0	0	0	0	0	0	0	0	0	0	0	0
3063	1 Jun 26	07:55:00	1	0	1	0	Ct	0	0	0	0	0	0	0	0	0	0	0	0	9	0	0	0	0	0	0	0	0	0	0	3	0	0	0	0	0	0	0	0	0	0
3064	1 Jun 26	08:00:00	1	0	1	0	Ct	0	0	0	0	0	0	0	0	0	0	0	0	0	0	0	0	0	0	0	0	0	0	13	1	0	0	0	0	0	0	0	0	0	0
3065	1 Jun 26	08:05:00	1	0	1	0	Ct	0	0	0	0	0	0	0	0	0	0	0	0	0	0	0	0	0	0	0	0	0	0	22	2	0	0	0	0	0	0	0	0	0	0
3066	1 Jun 26	08:10:00	1	0	1	0	Ct	0	0	0	0	0	0	0	0	0	0	0	0	5	0	0	0	0	0	0	0	0	0	0	1	0	0	0	0	0	0	0	0	0	0
3067	1 Jun 26	08:15:00	1	0	1	0	Ct	0	0	0	0	0	0	0	0	0	0	0	0	0	0	0	0	0	0	0	0	0	0	0	0	0	0	0	0	0	0	0	0	0	0
3068	1 Jun 26	08:20:00	1	0	1	0	Ct	0	0	0	0	0	0	0	0	0	0	0	0	0	0	0	0	0	0	0	0	0	0	0	1	0	0	0	0	0	0	0	0	0	0
3069	1 Jun 26	08:25:00	1	0	1	0	Ct	0	0	0	0	0	0	0	0	0	0	0	0	0	0	0	0	0	0	0	0	0	0	0	11	0	0	0	0	0	0	0	0	0	0
3070	1 Jun 26	08:30:00	1	0	1	0	Ct	0	0	0	0	0	0	0	0	0	0	0	0	0	0	0	0	0	0	0	0	0	0	0	0	0	0	0	0	0	0	0	0	0	0
3071	1 Jun 26	08:35:00	1	0	1	0	Ct	0	0	0	0	0	0	0	0	0	0	0	0	0	0	0	0	0	0	0	0	0	0	0	1	0	0	0	0	0	0	0	0	0	0
3072	1 Jun 26	08:40:00	1	0	1	0	Ct	0	0	0	0	0	0	0	0	0	0	0	0	0	0	0	0	0	0	0	0	0	0	0	1	0	0	0	0	0	0	0	0	0	0
3073	1 Jun 26	08:45:00	1	0	1	0	Ct	0	0	0	0	0	0	0	0	0	0	0	0	0	0	0	0	0	0	0	0	0	0	7	0	0	0	0	0	0	0	0	0	0	0
3074	1 Jun 26	08:50:00	1	0	1	0	Ct	0	0	0	0	0	0	0	0	0	0	0	0	0	0	0	0	0	0	0	0	0	0	0	1	0	0	0	0	0	0	0	0	0	0
3075	1 Jun 26	08:55:00	1	0	1	0	Ct	0	0	0	0	0	0	0	0	0	0	0	0	0	0	0	0	0	0	0	0	0	0	0	13	0	0	0	0	0	0	0	0	0	0
3076	1 Jun 26	09:00:00	1	0	1	0	Ct	0	0	0	0	0	0	0	0	0	0	0	0	0	0	0	0	0	0	0	0	0	0	0	33	0	0	0	0	0	0	0	0	0	0
3077	1 Jun 26	09:05:00	1	0	1	0	Ct	0	0	0	0	0	0	0	0	0	0	0	0	0	0	0	0	0	0	0	0	0	0	0	0	0	0	0	0	0	0	0	0	0	0
3078	1 Jun 26	09:10:00	1	0	1	0	Ct	0	0	0	0	0	0	0	0	18	0	0	0	0	0	0	0	0	0	0	0	0	0	0	1	0	0	0	7	0	0	0	0	0	0
3079	1 Jun 26	09:15:00	1	0	1	0	Ct	0	0	0	0	0	0	0	0	0	0	0	0	10	0	0	0	0	0	0	0	0	0	0	1	0	0	0	0	0	9	0	0	0	0
3080	1 Jun 26	09:20:00	1	0	1	0	Ct	0	0	0	0	0	0	0	0	64	0	0	0	1	0	0	0	0	0	0	0	0	0	0	0	1	0	0	0	0	20	0	0	0	0
3081	1 Jun 26	09:25:00	1	0	1	0	Ct	0	0	0	0	0	0	0	0	0	0	0	0	5	0	0	0	0	0	0	0	0	0	0	0	0	0	0	1	0	0	0	0	0	0
3082	1 Jun 26	09:30:00	1	0	1	0	Ct	0	0	59	0	5	0	0	0	0	0	0	0	0	0	0	0	0	0	0	0	2	0	0	0	0	0	0	0	0	0	0	0	0	0
3083	1 Jun 26	09:35:00	1	0	1	0	Ct	0	0	4	0	5	0	0	0	0	0	0	0	3	0	0	4	0	0	0	0	12	0	0	7	9	0	0	3	0	0	6	0	0	0
3084	1 Jun 26	09:40:00	1	0	1	0	Ct	0	0	0	0	6	0	0	0	0	0	0	0	8	0	0	3	0	0	9	0	4	0	0	5	1	0	0	0	0	0	22	0	0	0
3085	1 Jun 26	09:45:00	1	0	1	0	Ct	0	0	0	0	13	0	0	0	0	0	0	0	3	0	0	9	0	0	0	0	0	0	0	13	0	0	0	0	0	0	19	0	0	0
3086	1 Jun 26	09:50:00	1	0	1	0	Ct	0	0	0	0	8	0	0	0	0	0	0	0	6	0	0	4	0	12	0	0	21	0	0	2	0	0	0	0	0	0	10	0	0	0
3087	1 Jun 26	09:55:00	1	0	1	0	Ct	0	0	0	0	17	0	0	0	0	0	0	0	2	0	0	0	0	1	0	0	18	0	0	6	0	0	0	0	0	0	3	0	0	0
3088	1 Jun 26	10:00:00	1	0	1	0	Ct	0	1	0	0	0	0	0	0	0	0	0	0	2	0	0	4	0	18	0	0	0	0	0	0	0	0	0	0	0	0	16	0	0	0
3089	1 Jun 26	10:05:00	1	0	1	0	Ct	0	1	0	0	0	0	0	0	0	0	0	13	6	0	0	0	0	0	4	0	20	0	0	3	10	0	0	0	0	0	8	0	2	0
3090	1 Jun 26	10:10:00	1	0	1	0	Ct	0	1	0	0	0	0	0	0	0	0	0	45	8	0	0	0	0	0	3	0	57	0	0	3	2	0	0	0	0	0	12	0	0	0
3091	1 Jun 26	10:15:00	1	0	1	0	Ct	0	1	0	0	0	0	0	0	1	0	0	0	4	0	0	0	0	0	7	0	2	0	0	4	5	0	0	0	0	0	5	0	0	0
3092	1 Jun 26	10:20:00	1	0	1	0	Ct	0	1	0	0	0	0	0	0	8	0	0	0	14	0	0	0	0	0	0	0	67	0	0	2	5	0	0	0	0	0	8	0	0	0
3093	1 Jun 26	10:25:00	1	0	1	0	Ct	0	1	0	0	1	0	0	0	31	0	0	0	0	0	0	0	0	0	3	5	34	0	0	3	3	0	0	0	0	6	6	0	0	0
3094	1 Jun 26	10:30:00	1	0	1	0	Ct	0	1	7	0	0	0	0	0	0	0	0	0	1	0	0	3	0	0	3	14	0	0	0	0	4	0	0	7	0	0	7	0	15	0
3095	1 Jun 26	10:35:00	1	0	1	0	Ct	0	1	0	0	2	0	20	0	0	0	0	0	2	0	0	1	0	2	2	0	0	0	0	3	1	0	0	25	0	1	9	0	0	0
3096	1 Jun 26	10:40:00	1	0	1	0	Ct	0	1	0	0	0	0	55	0	0	0	0	0	0	0	2	0	0	54	9	0	0	0	0	6	15	0	0	0	0	24	5	0	0	0
3097	1 Jun 26	10:45:00	1	0	1	0	Ct	0	1	0	0	0	0	23	0	0	0	0	0	0	0	24	1	0	20	0	0	0	0	0	5	5	0	0	0	0	5	6	0	7	0
3098	1 Jun 26	10:50:00	1	0	1	0	Ct	0	1	0	0	0	0	0	0	0	0	0	0	0	0	5	6	0	0	0	0	0	0	0	0	10	0	0	0	0	0	6	0	6	0
3099	1 Jun 26	10:55:00	1	0	1	0	Ct	0	1	0	0	0	0	0	0	0	0	0	0	1	0	0	16	0	0	0	0	3	0	0	0	0	0	0	0	0	0	4	0	1	0
3100	1 Jun 26	11:00:00	1	0	1	0	Ct	0	1	0	0	0	0	0	0	0	0	0	0	6	0	4	6	0	4	6	0	14	0	0	0	2	0	0	0	0	1	0	0	0	0
3101	1 Jun 26	11:05:00	1	0	1	0	Ct	0	1	0	0	0	0	0	0	0	0	0	0	0	0	0	0	0	0	2	0	17	0	9	9	5	0	0	0	0	0	1	0	0	0
3102	1 Jun 26	11:10:00	1	0	1	0	Ct	0	1	0	0	3	0	0	0	0	0	0	0	1	0	0	0	0	0	0	0	0	0	11	5	6	0	0	0	0	1	3	0	0	0
3103	1 Jun 26	11:15:00	1	0	1	0	Ct	0	1	0	0	0	0	0	0	0	0	0	0	3	0	0	0	0	3	0	0	0	0	0	0	0	0	0	0	0	0	2	0	0	0
3104	1 Jun 26	11:20:00	1	0	1	0	Ct	0	1	5	0	0	0	0	0	0	0	0	0	2	0	0	0	0	1	0	0	1	0	0	5	4	0	0	0	0	0	3	0	0	0
3105	1 Jun 26	11:25:00	1	0	1	0	Ct	0	1	0	0	0	0	0	0	0	0	0	0	0	0	0	27	0	15	0	0	1	0	0	1	2	0	0	0	0	0	3	0	0	0
3106	1 Jun 26	11:30:00	1	0	1	0	Ct	0	1	0	0	0	0	0	0	0	0	0	0	0	0	0	71	0	0	0	0	11	0	0	2	7	0	0	9	0	0	0	0	0	0
3107	1 Jun 26	11:35:00	1	0	1	0	Ct	0	1	0	0	0	0	0	0	0	0	0	0	0	0	0	0	0	0	0	0	1	0	0	0	27	0	0	0	0	3	0	0	0	0
3108	1 Jun 26	11:40:00	1	0	1	0	Ct	0	1	0	0	0	0	14	0	0	0	0	8	0	0	0	1	0	0	8	12	0	0	13	1	3	0	0	0	0	0	1	0	0	0
3109	1 Jun 26	11:45:00	1	0	1	0	Ct	0	1	0	0	0	0	0	0	0	0	0	0	0	0	0	0	0	0	0	0	0	0	0	1	2	0	0	0	0	0	2	0	0	0
3110	1 Jun 26	11:50:00	1	0	1	0	Ct	0	1	0	0	0	0	0	0	0	0	0	0	1	0	0	0	0	0	0	4	0	0	0	0	6	0	0	0	0	0	2	0	0	0
3111	1 Jun 26	11:55:00	1	0	1	0	Ct	0	1	0	0	0	0	0	0	0	0	0	0	0	0	0	2	0	0	12	4	0	0	4	0	7	0	0	0	0	0	3	0	0	0
3112	1 Jun 26	12:00:00	1	0	1	0	Ct	0	1	1	0	0	0	0	0	0	0	0	0	0	0	0	0	0	0	0	10	3	0	0	4	4	0	0	0	0	0	3	0	0	0
3113	1 Jun 26	12:05:00	1	0	1	0	Ct	0	1	12	0	17	0	0	0	1	0	0	0	8	0	0	3	0	0	0	2	4	0	0	3	2	0	0	43	0	0	3	0	0	0
3114	1 Jun 26	12:10:00	1	0	1	0	Ct	0	1	0	0	0	0	15	0	0	0	0	0	15	0	0	0	0	0	0	0	4	0	0	0	4	0	0	3	0	0	0	0	4	0
3115	1 Jun 26	12:15:00	1	0	1	0	Ct	0	1	0	0	2	0	60	0	0	0	0	0	19	0	0	0	0	0	0	0	4	0	0	0	10	0	0	0	0	0	1	0	0	0
3116	1 Jun 26	12:20:00	1	0	1	0	Ct	0	1	0	0	2	0	12	0	0	0	0	0	0	0	0	2	0	0	0	0	5	0	17	1	2	0	0	0	0	6	5	0	0	0
3117	1 Jun 26	12:25:00	1	0	1	0	Ct	0	1	0	0	0	0	0	0	0	0	0	0	6	0	0	0	0	0	0	0	0	0	0	4	0	0	0	2	0	0	8	0	0	0
3118	1 Jun 26	12:30:00	1	0	1	0	Ct	0	1	0	0	0	0	0	0	0	0	0	0	4	0	0	0	0	0	1	1	0	0	0	0	0	0	0	10	0	2	0	0	0	0
3119	1 Jun 26	12:35:00	1	0	1	0	Ct	0	1	0	0	0	0	0	0	0	0	0	0	8	0	0	0	0	0	8	0	0	9	0	0	6	0	0	2	0	0	0	0	0	0
3120	1 Jun 26	12:40:00	1	0	1	0	Ct	0	1	0	0	0	0	0	0	3	0	0	0	0	0	3	1	0	0	2	14	0	21	0	0	0	0	0	2	0	2	0	0	0	0
3121	1 Jun 26	12:45:00	1	0	1	0	Ct	0	1	0	0	0	0	0	0	31	0	0	0	1	0	0	0	0	0	0	0	0	12	0	0	0	0	0	0	0	2	2	0	0	0
3122	1 Jun 26	12:50:00	1	0	1	0	Ct	0	1	1	0	1	0	0	0	12	0	0	0	3	0	0	0	0	0	0	0	0	28	0	0	3	0	0	3	0	0	2	0	0	0
3123	1 Jun 26	12:55:00	1	0	1	0	Ct	0	1	14	0	25	0	0	0	0	0	0	0	5	0	0	0	0	0	0	0	5	2	0	7	0	0	0	1	0	0	0	0	0	0
3124	1 Jun 26	13:00:00	1	0	1	0	Ct	0	1	0	0	11	0	0	0	0	0	0	0	0	0	1	11	0	0	0	0	3	3	0	0	0	0	0	3	0	0	0	0	0	0
3125	1 Jun 26	13:05:00	1	0	1	0	Ct	0	1	0	0	0	0	0	0	0	0	0	0	0	0	0	9	0	0	0	0	2	0	0	0	0	0	0	3	0	18	0	0	0	0
3126	1 Jun 26	13:10:00	1	0	1	0	Ct	0	1	0	0	0	0	0	0	7	0	0	0	0	0	0	0	0	11	0	0	4	0	0	0	4	0	0	0	0	1	0	0	0	0
3127	1 Jun 26	13:15:00	1	0	1	0	Ct	0	1	0	0	0	0	0	0	1	0	0	0	1	0	0	0	0	29	0	0	2	0	0	0	1	0	0	0	0	0	2	0	0	0
3128	1 Jun 26	13:20:00	1	0	1	0	Ct	0	1	0	0	0	0	0	0	4	0	0	0	7	0	0	0	0	0	0	6	0	0	0	1	0	0	0	0	0	0	0	0	0	0
3129	1 Jun 26	13:25:00	1	0	1	0	Ct	0	1	0	0	0	0	0	0	5	0	0	0	0	0	0	0	0	0	22	0	4	0	0	2	4	0	0	2	0	0	0	0	0	0
3130	1 Jun 26	13:30:00	1	0	1	0	Ct	0	1	0	0	0	0	0	0	1	0	0	0	0	0	0	0	0	0	10	0	0	0	0	1	1	0	0	0	0	3	0	0	0	0
3131	1 Jun 26	13:35:00	1	0	1	0	Ct	0	1	0	0	0	0	0	0	0	0	0	0	0	0	48	0	0	0	7	0	1	0	0	0	0	0	0	0	0	0	2	0	0	0
3132	1 Jun 26	13:40:00	1	0	1	0	Ct	0	1	10	0	0	0	0	0	1	0	0	0	0	0	7	0	0	0	1	0	3	0	0	0	0	0	0	2	0	0	2	0	0	0
3133	1 Jun 26	13:45:00	1	0	1	0	Ct	0	1	0	0	1	0	0	0	26	0	0	0	0	0	0	0	0	0	1	0	2	0	0	0	0	0	0	10	0	0	0	0	0	0
3134	1 Jun 26	13:50:00	1	0	1	0	Ct	0	1	0	0	0	0	0	0	0	0	0	0	7	0	0	0	0	0	0	0	0	0	0	0	0	0	0	0	0	0	0	0	0	0
3135	1 Jun 26	13:55:00	1	0	1	0	Ct	0	1	0	0	0	0	0	0	0	0	0	0	1	0	0	4	0	0	0	0	0	0	0	0	1	0	0	0	0	10	2	0	0	0
3136	1 Jun 26	14:00:00	1	0	1	0	Ct	0	1	0	0	0	0	0	0	0	0	0	0	0	0	16	4	0	0	4	0	0	0	0	0	2	0	0	0	0	0	0	0	0	0
3137	1 Jun 26	14:05:00	1	0	1	0	Ct	0	1	0	0	0	0	0	0	0	0	0	8	0	0	15	9	0	0	0	0	0	0	0	0	0	0	0	0	0	0	2	0	0	0
3138	1 Jun 26	14:10:00	1	0	1	0	Ct	0	1	0	0	0	0	0	0	0	0	0	0	1	0	0	32	0	1	2	0	3	0	0	0	0	0	0	0	0	0	0	0	0	0
3139	1 Jun 26	14:15:00	1	0	1	0	Ct	0	1	0	0	0	0	2	0	0	0	0	0	1	0	0	12	0	0	0	0	7	0	0	0	0	0	0	0	0	0	2	0	0	0
3140	1 Jun 26	14:20:00	1	0	1	0	Ct	0	1	0	0	1	0	0	0	0	0	0	0	1	0	0	9	0	0	0	0	0	0	0	0	0	0	0	0	0	0	2	0	0	0
3141	1 Jun 26	14:25:00	1	0	1	0	Ct	0	1	0	0	0	0	0	0	0	0	0	2	1	0	0	0	0	0	0	0	1	0	0	0	0	0	0	0	0	0	0	0	0	0
3142	1 Jun 26	14:30:00	1	0	1	0	Ct	0	1	0	0	0	0	0	0	0	0	0	0	0	0	6	0	0	1	0	0	3	0	0	3	0	0	0	0	0	0	0	0	0	0
3143	1 Jun 26	14:35:00	1	0	1	0	Ct	0	1	0	0	0	0	4	0	0	0	0	0	0	0	0	0	0	0	0	0	2	0	0	5	0	0	0	0	0	0	0	0	0	0
3144	1 Jun 26	14:40:00	1	0	1	0	Ct	0	1	0	0	0	0	34	0	0	0	0	0	0	0	0	0	0	0	1	0	1	25	0	9	0	0	0	0	0	2	0	0	2	0
3145	1 Jun 26	14:45:00	1	0	1	0	Ct	0	1	0	0	5	0	2	0	0	0	0	0	0	0	0	0	0	0	15	0	8	0	0	0	0	0	0	0	0	6	1	0	0	0
3146	1 Jun 26	14:50:00	1	0	1	0	Ct	0	1	0	0	0	0	0	0	6	0	0	0	8	0	0	0	0	0	20	0	3	0	0	0	0	0	0	0	0	0	4	0	0	0
3147	1 Jun 26	14:55:00	1	0	1	0	Ct	0	1	0	0	0	0	0	0	0	0	0	0	1	0	0	0	0	3	4	0	6	0	0	0	0	0	0	0	0	0	1	0	0	0
3148	1 Jun 26	15:00:00	1	0	1	0	Ct	0	1	0	0	0	0	0	0	0	0	0	0	0	0	0	0	0	0	0	0	2	0	0	3	0	0	0	0	0	0	0	0	3	0
3149	1 Jun 26	15:05:00	1	0	1	0	Ct	0	1	0	0	0	0	0	0	0	0	0	6	0	0	0	2	0	0	0	0	1	0	0	0	0	16	0	0	0	0	0	0	0	0
3150	1 Jun 26	15:10:00	1	0	1	0	Ct	0	1	0	0	0	0	1	0	0	0	0	0	0	0	0	12	0	2	0	0	1	0	0	0	1	3	0	0	0	0	0	0	0	0
3151	1 Jun 26	15:15:00	1	0	1	0	Ct	0	1	0	0	0	0	0	0	0	0	0	0	0	0	0	5	0	27	0	4	0	0	0	0	17	0	0	0	0	0	5	0	0	0
3152	1 Jun 26	15:20:00	1	0	1	0	Ct	0	1	0	0	0	0	0	0	0	0	0	0	0	0	0	14	0	0	0	17	0	0	0	0	1	0	0	0	0	0	4	0	0	0
3153	1 Jun 26	15:25:00	1	0	1	0	Ct	0	1	0	0	0	0	0	0	0	0	0	0	0	0	0	3	0	2	0	10	0	0	0	0	0	0	0	4	0	0	0	0	0	0
3154	1 Jun 26	15:30:00	1	0	1	0	Ct	0	1	0	0	3	0	0	0	0	0	0	0	0	0	0	6	0	3	0	0	0	0	0	0	0	0	0	0	0	0	2	0	0	0
3155	1 Jun 26	15:35:00	1	0	1	0	Ct	0	1	0	0	0	0	0	0	0	0	0	0	0	0	0	3	0	0	0	0	7	0	0	2	0	0	0	0	0	2	0	0	0	0
3156	1 Jun 26	15:40:00	1	0	1	0	Ct	0	1	0	0	0	0	48	0	0	0	0	0	0	0	0	4	0	0	1	0	3	0	0	2	18	21	0	0	0	0	0	0	0	0
3157	1 Jun 26	15:45:00	1	0	1	0	Ct	0	1	0	0	0	0	8	0	0	0	0	0	3	0	0	7	0	0	5	0	1	0	0	0	4	14	0	0	0	0	0	0	0	0
3158	1 Jun 26	15:50:00	1	0	1	0	Ct	0	1	0	0	0	0	0	0	0	0	0	4	0	0	0	6	0	0	0	0	0	0	0	0	1	35	0	17	0	0	0	0	4	0
3159	1 Jun 26	15:55:00	1	0	1	0	Ct	0	1	0	0	0	0	0	0	0	0	0	0	0	0	0	6	0	0	26	0	1	0	0	8	2	11	0	1	0	0	0	0	7	0
3160	1 Jun 26	16:00:00	1	0	1	0	Ct	0	1	0	0	0	0	0	0	21	0	0	0	0	0	0	3	0	6	4	0	4	0	0	0	3	14	0	0	0	0	0	0	0	0
3161	1 Jun 26	16:05:00	1	0	1	0	Ct	0	1	0	0	0	0	0	0	4	0	0	0	2	0	0	2	0	0	0	0	0	0	0	0	28	0	0	0	0	0	1	0	0	0
3162	1 Jun 26	16:10:00	1	0	1	0	Ct	0	1	0	0	0	0	0	0	16	0	2	0	3	0	0	2	0	0	2	0	2	0	0	0	0	1	0	0	0	0	4	0	0	0
3163	1 Jun 26	16:15:00	1	0	1	0	Ct	0	1	0	0	0	0	0	0	1	0	8	0	0	0	0	1	0	0	0	0	2	0	0	1	1	0	0	0	0	0	0	0	0	0
3164	1 Jun 26	16:20:00	1	0	1	0	Ct	0	1	0	0	5	0	0	0	0	0	0	0	9	0	0	0	0	0	0	4	0	11	0	1	0	0	0	0	0	0	0	0	0	0
3165	1 Jun 26	16:25:00	1	0	1	0	Ct	0	1	0	0	2	0	0	0	8	0	0	0	0	0	0	0	0	4	0	0	7	7	0	2	0	0	0	0	0	0	2	0	0	0
3166	1 Jun 26	16:30:00	1	0	1	0	Ct	0	1	0	0	0	0	0	0	0	0	0	0	0	0	0	0	0	0	0	0	0	0	0	4	0	0	0	0	0	0	0	0	0	0
3167	1 Jun 26	16:35:00	1	0	1	0	Ct	0	1	0	0	0	0	6	0	0	0	0	0	0	0	0	1	0	0	8	0	3	0	0	0	1	0	0	0	0	0	3	0	0	0
3168	1 Jun 26	16:40:00	1	0	1	0	Ct	0	1	0	0	0	0	1	0	0	0	0	0	0	0	0	0	0	0	7	0	1	3	0	0	6	0	0	0	0	0	0	0	0	0
3169	1 Jun 26	16:45:00	1	0	1	0	Ct	0	1	0	0	0	0	0	0	0	0	0	0	0	0	0	0	0	0	0	0	1	14	0	0	1	0	0	0	0	3	2	0	0	0
3170	1 Jun 26	16:50:00	1	0	1	0	Ct	0	1	0	0	0	0	0	0	0	0	0	0	1	0	0	5	0	0	0	0	0	0	0	0	10	0	0	0	0	0	0	0	0	0
3171	1 Jun 26	16:55:00	1	0	1	0	Ct	0	1	0	0	0	0	0	0	0	0	0	0	14	0	0	0	0	0	4	0	0	0	0	2	1	0	0	11	0	0	0	0	0	0
3172	1 Jun 26	17:00:00	1	0	1	0	Ct	0	1	0	0	1	0	0	0	26	0	0	0	2	0	0	15	0	0	1	1	3	0	0	4	0	0	0	10	0	0	0	0	0	0
3173	1 Jun 26	17:05:00	1	0	1	0	Ct	0	1	0	0	0	0	0	0	2	0	0	0	0	0	0	73	0	0	0	33	2	0	0	7	40	0	0	0	0	0	1	0	0	0
3174	1 Jun 26	17:10:00	1	0	1	0	Ct	0	1	0	0	0	0	0	0	0	0	0	0	0	0	0	68	0	0	0	0	4	0	0	0	37	0	0	0	0	0	1	0	0	0
3175	1 Jun 26	17:15:00	1	0	1	0	Ct	0	1	37	0	0	0	0	0	2	0	0	0	6	0	5	12	0	0	0	0	2	0	0	0	1	0	0	0	0	0	2	0	0	0
3176	1 Jun 26	17:20:00	1	0	1	0	Ct	0	1	8	0	0	0	0	0	0	0	0	0	4	0	0	0	0	0	7	0	1	0	0	0	0	0	0	0	0	1	0	0	0	0
3177	1 Jun 26	17:25:00	1	0	1	0	Ct	0	1	21	0	0	0	0	0	0	0	0	0	8	0	0	0	0	0	0	0	0	0	0	3	0	0	0	0	0	0	2	0	0	0
3178	1 Jun 26	17:30:00	1	0	1	0	Ct	0	1	8	0	0	0	0	0	0	0	0	0	0	0	0	3	0	0	0	0	1	0	0	0	2	0	0	8	0	0	4	0	0	0
3179	1 Jun 26	17:35:00	1	0	1	0	Ct	0	1	0	0	0	0	0	0	0	0	0	0	0	0	0	25	0	1	0	0	0	0	0	0	28	0	0	0	0	0	0	0	0	0
3180	1 Jun 26	17:40:00	1	0	1	0	Ct	0	1	0	0	0	0	0	0	0	0	0	0	0	0	0	29	0	0	0	0	1	0	0	0	3	0	0	0	0	0	0	0	0	0
3181	1 Jun 26	17:45:00	1	0	1	0	Ct	0	1	0	0	0	0	0	0	0	0	0	29	0	0	0	0	0	0	0	0	4	0	0	0	0	0	0	0	0	0	0	0	0	0
3182	1 Jun 26	17:50:00	1	0	1	0	Ct	0	1	0	0	0	0	0	0	0	0	0	3	7	0	0	2	0	3	0	0	2	0	0	0	0	0	0	0	0	0	2	0	0	0
3183	1 Jun 26	17:55:00	1	0	1	0	Ct	0	1	0	0	5	0	0	0	0	0	0	14	6	0	12	16	0	2	0	15	0	0	0	0	23	0	0	0	0	0	4	0	0	0
3184	1 Jun 26	18:00:00	1	0	1	0	Ct	0	1	0	0	0	0	0	0	0	0	0	0	5	0	29	10	0	0	18	5	0	0	0	0	4	0	0	0	0	0	0	0	0	0
3185	1 Jun 26	18:05:00	1	0	1	0	Ct	0	1	0	0	0	0	0	0	0	0	0	0	0	0	15	9	0	0	1	0	4	0	0	2	1	0	0	0	0	0	0	0	0	0
3186	1 Jun 26	18:10:00	1	0	1	0	Ct	0	1	0	0	0	0	0	0	0	0	0	0	0	0	0	35	0	0	0	0	4	8	0	0	6	0	0	0	0	0	0	0	0	0
3187	1 Jun 26	18:15:00	1	0	1	0	Ct	0	1	0	0	0	0	0	0	10	0	0	0	3	0	0	8	0	0	5	0	0	0	0	2	12	0	0	0	0	0	0	0	0	0
3188	1 Jun 26	18:20:00	1	0	1	0	Ct	0	1	0	0	0	0	0	0	10	0	0	0	5	0	0	11	0	0	0	0	0	0	0	1	2	0	0	0	0	0	3	0	0	0
3189	1 Jun 26	18:25:00	1	0	1	0	Ct	0	1	0	0	0	0	0	0	0	0	0	0	0	0	0	0	0	0	0	0	0	34	0	10	0	0	0	0	0	0	0	0	0	0
3190	1 Jun 26	18:30:00	1	0	1	0	Ct	0	1	0	0	0	0	0	0	0	0	0	0	0	0	0	0	0	0	0	0	0	6	0	4	3	0	0	0	0	0	0	0	0	0
3191	1 Jun 26	18:35:00	1	0	1	0	Ct	0	1	0	0	0	0	0	0	5	0	0	0	0	0	0	0	0	0	0	0	0	0	0	0	2	0	0	0	0	0	0	0	0	0
3192	1 Jun 26	18:40:00	1	0	1	0	Ct	0	1	0	0	0	0	0	0	0	0	0	0	0	0	0	0	0	0	0	0	3	0	0	1	0	0	0	0	0	0	8	0	0	0
3193	1 Jun 26	18:45:00	1	0	1	0	Ct	0	1	0	0	0	0	0	0	0	0	0	0	0	0	0	2	0	0	0	0	2	0	0	1	0	0	0	0	0	0	0	0	0	0
3194	1 Jun 26	18:50:00	1	0	1	0	Ct	0	1	0	0	1	0	0	0	3	0	0	0	0	0	0	0	0	0	0	23	2	0	0	0	0	0	0	0	0	5	0	0	0	0
3195	1 Jun 26	18:55:00	1	0	1	0	Ct	0	1	0	0	3	0	0	0	3	0	0	0	0	0	0	0	0	0	0	16	3	0	0	0	14	0	0	0	0	0	1	0	0	0
3196	1 Jun 26	19:00:00	1	0	1	0	Ct	0	1	0	0	18	0	0	0	6	0	0	0	0	0	0	1	0	0	0	1	0	0	0	0	8	0	0	0	0	0	3	0	1	0
3197	1 Jun 26	19:05:00	1	0	1	0	Ct	0	1	0	0	0	0	0	0	0	0	0	0	0	0	0	8	0	0	5	0	0	0	0	3	7	0	0	0	0	0	0	0	0	0
3198	1 Jun 26	19:10:00	1	0	1	0	Ct	0	1	0	0	2	0	0	0	0	0	0	0	0	0	0	5	0	0	0	0	0	0	0	9	22	0	0	0	0	0	0	0	0	0
3199	1 Jun 26	19:15:00	1	0	1	0	Ct	0	1	0	0	5	0	0	0	1	0	0	0	0	0	0	1	0	0	0	0	0	0	0	0	11	0	0	1	0	0	0	0	0	0
3200	1 Jun 26	19:20:00	1	0	1	0	Ct	0	1	16	0	0	0	0	0	0	0	0	0	0	0	0	2	0	4	0	0	0	0	0	0	3	0	0	5	0	0	0	0	0	0
3201	1 Jun 26	19:25:00	1	0	1	0	Ct	0	1	0	0	0	0	0	0	0	0	0	0	0	0	2	5	0	8	0	0	0	0	0	0	0	0	0	2	0	0	2	0	0	0
3202	1 Jun 26	19:30:00	1	0	1	0	Ct	0	1	0	0	0	0	0	0	0	0	0	0	8	0	0	6	0	0	3	1	1	0	0	0	19	0	0	16	0	0	6	0	0	0
3203	1 Jun 26	19:35:00	1	0	1	0	Ct	0	1	0	0	2	0	0	0	0	0	0	0	1	0	0	6	0	0	1	8	1	0	0	0	3	0	0	14	0	0	1	0	0	0
3204	1 Jun 26	19:40:00	1	0	1	0	Ct	0	1	0	0	0	0	0	0	0	0	0	0	0	0	0	0	0	4	13	0	3	0	0	0	0	0	0	0	0	0	0	0	0	0
3205	1 Jun 26	19:45:00	1	0	1	0	Ct	0	1	0	0	0	0	0	0	0	0	0	0	0	0	0	4	0	0	0	12	4	0	0	0	0	0	0	0	0	0	0	0	0	0
3206	1 Jun 26	19:50:00	1	0	1	0	Ct	0	1	0	0	0	0	0	0	0	0	0	0	0	0	0	1	0	0	2	4	10	0	0	0	0	0	0	3	0	0	0	0	0	0
3207	1 Jun 26	19:55:00	1	0	1	0	Ct	0	1	0	0	0	0	0	0	0	0	0	0	36	0	0	1	0	0	18	0	0	0	0	0	0	0	0	0	0	0	3	0	0	0
3208	1 Jun 26	20:00:00	1	0	1	0	Ct	0	1	0	0	3	0	0	0	0	0	0	0	0	0	0	6	0	0	0	0	0	0	0	0	25	0	0	1	0	0	2	0	0	0
3209	1 Jun 26	20:05:00	1	0	1	0	Ct	0	1	0	0	2	0	0	0	4	0	0	0	0	0	0	7	0	0	0	0	0	0	0	2	8	0	0	0	0	0	4	0	0	0
3210	1 Jun 26	20:10:00	1	0	1	0	Ct	0	1	0	0	0	0	0	0	0	0	0	0	0	0	0	0	0	0	0	0	0	0	0	3	4	6	0	0	0	2	0	0	0	0
3211	1 Jun 26	20:15:00	1	0	1	0	Ct	0	1	0	0	0	0	0	0	13	0	0	0	0	0	0	6	0	8	6	0	0	0	0	4	0	3	0	0	0	0	0	0	0	0
3212	1 Jun 26	20:20:00	1	0	1	0	Ct	0	1	0	0	0	0	0	0	0	0	0	0	2	0	0	3	0	7	0	0	0	0	0	1	3	0	0	0	0	0	0	0	0	0
3213	1 Jun 26	20:25:00	1	0	1	0	Ct	0	1	0	0	0	0	0	0	0	0	0	0	4	0	0	0	0	0	3	0	3	0	29	0	17	1	0	0	0	0	0	0	0	0
3214	1 Jun 26	20:30:00	1	0	1	0	Ct	0	1	0	0	3	0	0	0	0	0	0	0	3	0	0	0	0	0	0	11	3	0	2	0	5	0	0	5	0	0	3	0	0	0
3215	1 Jun 26	20:35:00	1	0	1	0	Ct	0	1	0	0	1	0	1	0	0	0	0	0	0	0	0	2	0	22	0	1	5	0	0	0	14	0	0	35	0	0	4	0	0	0
3216	1 Jun 26	20:40:00	1	0	1	0	Ct	0	1	0	0	0	0	0	0	0	0	0	0	0	0	0	0	0	7	8	0	15	0	0	0	29	0	0	0	0	0	2	0	0	0
3217	1 Jun 26	20:45:00	1	0	1	0	Ct	0	1	0	0	0	0	0	0	18	0	0	0	0	0	3	1	0	2	0	0	0	0	0	0	23	0	0	0	0	0	2	0	0	0
3218	1 Jun 26	20:50:00	1	0	1	0	Ct	0	1	0	0	0	0	0	0	0	0	0	0	0	0	3	6	0	0	0	3	0	12	0	1	6	0	0	0	0	0	3	0	0	0
3219	1 Jun 26	20:55:00	1	0	1	0	Ct	0	1	0	0	0	0	0	0	2	0	0	0	0	0	0	2	0	0	0	0	0	0	0	3	0	0	0	0	0	0	0	0	0	0
3220	1 Jun 26	21:00:00	1	0	1	0	Ct	0	1	0	0	0	0	0	0	0	0	0	0	21	0	0	0	0	0	0	5	4	0	0	0	11	0	0	0	0	0	0	0	0	0
3221	1 Jun 26	21:05:00	1	0	1	0	Ct	0	1	2	0	0	0	0	0	0	0	0	0	62	0	4	1	0	1	0	4	7	0	0	7	18	0	0	0	0	0	2	0	0	0
3222	1 Jun 26	21:10:00	1	0	1	0	Ct	0	1	6	0	2	0	0	0	0	0	0	0	28	0	0	1	0	0	0	0	0	0	0	2	1	0	0	0	0	0	0	0	0	0
3223	1 Jun 26	21:15:00	1	0	1	0	Ct	0	1	0	0	0	0	0	0	7	0	0	4	17	0	1	0	0	0	4	0	1	0	0	0	0	0	0	0	0	0	0	0	0	0
3224	1 Jun 26	21:20:00	1	0	1	0	Ct	0	1	0	0	0	0	0	0	5	0	0	4	0	0	23	0	0	0	2	1	1	0	0	0	0	0	0	0	0	0	3	0	0	0
3225	1 Jun 26	21:25:00	1	0	1	0	Ct	0	1	9	0	3	0	0	0	0	0	0	0	0	0	9	4	0	0	0	1	7	0	0	0	6	0	0	0	0	0	2	0	2	0
3226	1 Jun 26	21:30:00	1	0	1	0	Ct	0	1	0	0	0	0	0	0	0	0	0	0	0	0	0	1	0	0	0	4	2	1	0	0	0	0	0	0	0	37	0	0	0	0
3227	1 Jun 26	21:35:00	1	0	1	0	Ct	0	1	0	0	0	0	0	0	0	0	0	0	0	0	0	15	0	0	0	0	3	7	0	0	0	0	0	9	0	46	2	0	0	0
3228	1 Jun 26	21:40:00	1	0	1	0	Ct	0	1	25	0	0	0	0	0	0	0	0	0	0	0	0	9	0	0	0	0	0	0	0	2	0	0	0	1	0	0	0	0	0	0
3229	1 Jun 26	21:45:00	1	0	1	0	Ct	0	1	4	0	0	0	0	0	0	0	0	0	0	0	0	4	0	0	6	1	0	0	0	3	8	0	0	0	0	0	0	0	0	0
3230	1 Jun 26	21:50:00	1	0	1	0	Ct	0	1	0	0	0	0	0	0	0	0	0	0	3	0	0	4	0	0	3	11	0	0	0	3	4	0	0	0	0	0	2	0	0	0
3231	1 Jun 26	21:55:00	1	0	1	0	Ct	0	1	19	0	0	0	0	0	0	0	0	0	0	0	0	6	0	8	0	12	1	0	0	0	4	0	0	0	0	0	0	0	0	0
3232	1 Jun 26	22:00:00	1	0	1	0	Ct	0	1	1	0	0	0	0	0	0	0	0	0	0	0	0	3	0	0	0	2	4	0	0	0	9	0	0	0	0	0	4	0	0	0
3233	1 Jun 26	22:05:00	1	0	1	0	Ct	0	1	4	0	12	0	0	0	20	0	1	0	7	0	12	5	0	0	0	0	17	0	0	0	4	0	0	0	0	5	7	0	0	0
3234	1 Jun 26	22:10:00	1	0	1	0	Ct	0	0	5	0	4	0	1	0	17	0	3	20	9	0	10	13	0	0	0	7	6	0	0	0	1	0	0	5	0	0	12	0	0	0
3235	1 Jun 26	22:15:00	1	0	1	0	Ct	0	0	4	0	11	0	12	0	19	0	45	24	9	0	0	5	0	0	8	0	1	0	0	0	0	0	0	0	0	0	3	0	0	0
3236	1 Jun 26	22:20:00	1	0	1	0	Ct	0	0	3	0	1	0	10	0	1	0	2	0	13	0	8	3	0	0	4	0	0	0	0	0	0	0	0	0	0	2	8	0	0	0
3237	1 Jun 26	22:25:00	1	0	1	0	Ct	0	0	7	0	7	0	2	0	8	0	1	36	9	0	7	7	0	0	3	0	0	0	0	0	0	0	0	0	0	0	9	0	0	0
3238	1 Jun 26	22:30:00	1	0	1	0	Ct	0	0	8	0	9	0	0	0	17	0	4	21	3	0	8	7	0	0	0	0	4	0	0	0	21	0	0	0	0	0	25	0	0	0
3239	1 Jun 26	22:35:00	1	0	1	0	Ct	0	0	9	0	1	0	0	0	0	0	3	1	4	0	2	4	0	1	0	0	0	0	0	0	6	0	0	0	0	0	0	0	0	0
3240	1 Jun 26	22:40:00	1	0	1	0	Ct	0	0	5	0	0	0	7	0	2	0	19	12	8	0	0	11	0	5	0	0	8	0	0	0	11	0	0	0	0	0	5	0	0	0
3241	1 Jun 26	22:45:00	1	0	1	0	Ct	0	0	1	0	5	0	1	0	4	0	16	0	6	0	2	9	0	0	0	0	0	0	0	0	0	0	0	0	0	0	4	0	0	0
3242	1 Jun 26	22:50:00	1	0	1	0	Ct	0	0	2	0	5	0	4	0	0	0	11	16	9	0	6	7	0	0	1	0	0	0	0	0	0	0	0	0	0	0	0	0	0	0
3243	1 Jun 26	22:55:00	1	0	1	0	Ct	0	0	0	0	7	0	2	0	5	0	1	0	5	0	0	4	0	0	0	0	0	0	0	0	0	0	0	0	0	0	5	0	0	0
3244	1 Jun 26	23:00:00	1	0	1	0	Ct	0	0	5	0	1	0	15	0	4	0	28	0	4	0	0	13	0	0	0	1	0	0	0	0	4	0	0	0	0	0	0	0	0	0
3245	1 Jun 26	23:05:00	1	0	1	0	Ct	0	0	0	0	6	0	8	0	14	0	23	0	4	0	14	3	0	0	0	0	2	0	0	0	0	1	0	0	0	0	0	0	0	0
3246	1 Jun 26	23:10:00	1	0	1	0	Ct	0	0	2	0	1	0	14	0	6	0	2	0	11	0	0	22	0	0	13	0	7	0	0	0	0	1	0	0	0	0	5	0	0	0
3247	1 Jun 26	23:15:00	1	0	1	0	Ct	0	0	0	0	8	0	2	0	3	0	7	0	3	0	10	6	0	0	2	0	36	0	0	0	1	0	0	0	0	0	3	0	2	0
3248	1 Jun 26	23:20:00	1	0	1	0	Ct	0	0	0	0	3	0	3	0	4	0	3	0	8	0	2	0	0	0	5	0	44	0	0	7	0	0	0	0	0	0	0	0	2	0
3249	1 Jun 26	23:25:00	1	0	1	0	Ct	0	0	0	0	3	0	4	0	5	0	2	0	9	0	1	2	0	0	0	0	29	0	0	3	0	0	0	0	0	0	0	0	0	0
3250	1 Jun 26	23:30:00	1	0	1	0	Ct	0	0	0	0	0	0	43	0	2	0	8	0	4	0	0	9	0	0	0	0	3	0	0	4	0	0	0	0	0	0	6	0	0	0
3251	1 Jun 26	23:35:00	1	0	1	0	Ct	0	0	0	0	1	0	30	0	1	0	2	0	6	0	0	7	0	0	0	0	5	0	0	0	1	0	0	0	0	0	14	0	0	0
3252	1 Jun 26	23:40:00	1	0	1	0	Ct	0	0	0	0	5	0	1	0	0	0	3	0	11	0	0	3	0	0	21	0	2	0	0	2	5	0	0	2	0	0	1	0	27	0
3253	1 Jun 26	23:45:00	1	0	1	0	Ct	0	0	0	0	18	0	0	0	2	0	9	0	9	0	18	9	0	0	0	0	0	0	0	4	6	0	0	0	0	0	5	0	4	0
3254	1 Jun 26	23:50:00	1	0	1	0	Ct	0	0	0	0	29	0	0	0	2	0	4	16	8	0	12	4	0	0	4	0	0	0	0	0	0	0	0	0	0	0	0	0	0	0
3255	1 Jun 26	23:55:00	1	0	1	0	Ct	0	0	0	0	0	0	4	0	8	0	3	20	4	0	10	2	0	18	0	0	0	0	0	0	0	0	0	0	0	0	0	0	0	0
3256	2 Jun 26	00:00:00	1	0	1	0	Ct	0	0	0	0	0	0	0	0	15	0	6	0	6	0	0	2	0	0	2	0	0	0	0	10	0	0	0	0	0	0	7	0	0	0
3257	2 Jun 26	00:05:00	1	0	1	0	Ct	0	0	0	0	0	0	1	0	2	0	5	1	4	0	1	0	0	13	5	0	2	0	0	1	12	0	0	0	0	0	15	0	0	0
3258	2 Jun 26	00:10:00	1	0	1	0	Ct	0	0	0	0	0	0	1	0	1	0	0	44	7	0	2	0	0	0	0	0	1	1	0	0	13	16	0	0	0	0	1	0	0	0
3259	2 Jun 26	00:15:00	1	0	1	0	Ct	0	0	0	0	0	0	14	0	8	0	3	17	32	0	0	9	0	4	0	0	0	4	0	0	8	6	0	0	0	0	0	0	0	0
3260	2 Jun 26	00:20:00	1	0	1	0	Ct	0	0	0	0	0	0	0	0	0	0	23	0	2	0	0	0	0	0	0	0	0	3	0	6	0	1	0	0	0	0	0	0	0	0
3261	2 Jun 26	00:25:00	1	0	1	0	Ct	0	0	0	0	0	0	0	0	4	0	2	0	18	0	0	6	0	3	0	0	31	5	0	0	1	35	0	0	0	0	0	0	0	0
3262	2 Jun 26	00:30:00	1	0	1	0	Ct	0	0	0	0	0	0	0	0	1	0	0	0	12	0	4	0	0	0	0	0	1	0	0	2	0	0	0	0	0	14	0	0	0	0
3263	2 Jun 26	00:35:00	1	0	1	0	Ct	0	0	0	0	4	0	0	0	0	0	0	0	9	0	1	11	0	0	0	0	0	7	0	13	0	0	0	0	0	24	0	0	0	0
3264	2 Jun 26	00:40:00	1	0	1	0	Ct	0	0	0	0	7	0	0	0	1	0	0	0	11	0	0	11	0	0	0	0	35	34	0	0	0	0	0	0	0	0	1	0	0	0
3265	2 Jun 26	00:45:00	1	0	1	0	Ct	0	0	0	0	26	0	0	0	21	0	0	0	5	0	0	7	0	1	0	0	0	16	0	0	0	0	0	0	0	0	2	0	0	0
3266	2 Jun 26	00:50:00	1	0	1	0	Ct	0	0	0	0	0	0	0	0	6	0	0	0	2	0	0	6	0	3	0	0	0	64	0	0	0	0	0	0	0	0	7	0	0	0
3267	2 Jun 26	00:55:00	1	0	1	0	Ct	0	0	0	0	0	0	0	0	4	0	0	0	0	0	0	0	0	0	0	0	7	21	0	0	0	0	0	0	0	0	0	0	0	0
3268	2 Jun 26	01:00:00	1	0	1	0	Ct	0	0	0	0	0	0	3	0	0	0	0	0	1	0	0	0	0	5	0	0	0	3	0	0	0	0	0	0	0	0	0	0	0	0
3269	2 Jun 26	01:05:00	1	0	1	0	Ct	0	0	0	0	0	0	0	0	0	0	0	0	0	0	0	0	0	0	0	0	1	0	0	0	1	0	0	0	0	0	0	0	0	0
3270	2 Jun 26	01:10:00	1	0	1	0	Ct	0	0	0	0	0	0	0	0	0	0	0	0	4	0	0	0	0	0	0	0	0	0	0	0	0	0	0	0	0	0	0	0	0	0
3271	2 Jun 26	01:15:00	1	0	1	0	Ct	0	0	0	0	0	0	0	0	6	0	0	0	1	0	0	0	0	0	0	0	8	0	0	0	0	0	0	0	0	0	2	0	0	0
3272	2 Jun 26	01:20:00	1	0	1	0	Ct	0	0	0	0	0	0	0	0	5	0	0	0	0	0	0	0	0	0	0	0	0	0	0	8	1	0	0	0	0	0	0	0	0	0
3273	2 Jun 26	01:25:00	1	0	1	0	Ct	0	0	0	0	0	0	0	0	0	0	0	0	0	0	0	0	0	0	0	0	0	29	0	0	0	0	0	0	0	0	0	0	0	0
3274	2 Jun 26	01:30:00	1	0	1	0	Ct	0	0	0	0	0	0	0	0	0	0	0	0	0	0	0	0	0	0	0	0	2	0	0	0	2	0	0	0	0	0	3	0	0	0
3275	2 Jun 26	01:35:00	1	0	1	0	Ct	0	0	0	0	0	0	0	0	0	0	0	0	0	0	0	0	0	0	0	0	0	0	0	0	13	0	0	0	0	0	2	0	0	0
3276	2 Jun 26	01:40:00	1	0	1	0	Ct	0	0	0	0	0	0	0	0	0	0	0	0	0	0	0	4	0	0	0	0	0	0	0	4	1	0	0	0	0	0	0	0	0	0
3277	2 Jun 26	01:45:00	1	0	1	0	Ct	0	0	0	0	0	0	0	0	2	0	0	0	0	0	17	14	0	0	0	0	0	0	0	0	0	0	0	0	0	0	0	0	0	0
3278	2 Jun 26	01:50:00	1	0	1	0	Ct	0	0	0	0	10	0	0	0	0	0	0	0	3	0	0	0	0	0	0	0	0	0	0	0	17	0	0	0	0	0	0	0	0	0
3279	2 Jun 26	01:55:00	1	0	1	0	Ct	0	0	0	0	0	0	0	0	0	0	0	0	7	0	0	0	0	0	0	0	0	0	0	0	1	0	0	0	0	0	0	0	0	0
3280	2 Jun 26	02:00:00	1	0	1	0	Ct	0	0	0	0	0	0	0	0	0	0	0	0	3	0	0	0	0	0	0	0	0	0	0	0	14	0	0	0	0	0	0	0	0	0
3281	2 Jun 26	02:05:00	1	0	1	0	Ct	0	0	0	0	0	0	0	0	0	0	0	0	3	0	0	0	0	0	0	0	0	0	0	0	0	0	0	0	0	0	0	0	0	0
3282	2 Jun 26	02:10:00	1	0	1	0	Ct	0	0	0	0	0	0	0	0	0	0	0	0	7	0	0	0	0	0	0	0	0	0	0	0	0	0	0	1	0	0	0	0	0	0
3283	2 Jun 26	02:15:00	1	0	1	0	Ct	0	0	0	0	0	0	0	0	0	0	0	0	9	0	0	0	0	7	0	0	0	0	0	4	0	0	0	2	0	0	0	0	0	0
3284	2 Jun 26	02:20:00	1	0	1	0	Ct	0	0	0	0	0	0	0	0	0	0	0	0	6	0	0	0	0	13	4	0	0	0	0	0	0	0	0	0	0	0	0	0	0	0
3285	2 Jun 26	02:25:00	1	0	1	0	Ct	0	0	0	0	0	0	0	0	0	0	0	0	2	0	0	0	0	0	9	0	0	0	0	0	0	0	0	0	0	0	0	0	0	0
3286	2 Jun 26	02:30:00	1	0	1	0	Ct	0	0	0	0	0	0	0	0	0	0	0	0	1	0	0	0	0	0	24	0	0	0	0	0	0	0	0	0	0	0	0	0	0	0
3287	2 Jun 26	02:35:00	1	0	1	0	Ct	0	0	0	0	0	0	0	0	0	0	0	0	1	0	0	0	0	0	0	0	0	0	0	0	0	0	0	0	0	0	0	0	0	0
3288	2 Jun 26	02:40:00	1	0	1	0	Ct	0	0	0	0	0	0	0	0	0	0	0	0	3	0	0	0	0	0	0	0	0	0	0	0	0	0	0	0	0	0	0	0	0	0
3289	2 Jun 26	02:45:00	1	0	1	0	Ct	0	0	0	0	7	0	0	0	0	0	0	0	8	0	0	0	0	0	0	0	0	0	0	0	0	0	0	0	0	0	0	0	0	0
3290	2 Jun 26	02:50:00	1	0	1	0	Ct	0	0	0	0	1	0	0	0	0	0	0	0	2	0	0	0	0	37	0	0	10	0	0	0	0	0	0	0	0	0	0	0	0	0
3291	2 Jun 26	02:55:00	1	0	1	0	Ct	0	0	0	0	0	0	0	0	0	0	0	0	0	0	0	0	0	27	0	0	0	0	0	0	0	0	0	0	0	0	0	0	0	0
3292	2 Jun 26	03:00:00	1	0	1	0	Ct	0	0	0	0	2	0	0	0	0	0	0	0	0	0	0	0	0	2	0	0	0	0	0	0	1	0	0	0	0	0	0	0	0	0
3293	2 Jun 26	03:05:00	1	0	1	0	Ct	0	0	0	0	1	0	0	0	0	0	0	0	1	0	0	0	0	5	1	0	0	0	0	0	1	0	0	0	0	0	8	0	0	0
3294	2 Jun 26	03:10:00	1	0	1	0	Ct	0	0	0	0	1	0	0	0	0	0	0	0	2	0	0	0	0	0	4	0	0	0	0	0	2	0	0	0	0	0	1	0	0	0
3295	2 Jun 26	03:15:00	1	0	1	0	Ct	0	0	0	0	10	0	0	0	0	0	0	0	0	0	0	0	0	0	3	0	0	0	0	0	0	0	0	0	0	0	0	0	0	0
3296	2 Jun 26	03:20:00	1	0	1	0	Ct	0	0	0	0	9	0	0	0	0	0	0	0	0	0	0	0	0	0	1	0	0	0	0	0	29	0	0	0	0	0	0	0	0	0
3297	2 Jun 26	03:25:00	1	0	1	0	Ct	0	0	0	0	2	0	0	0	0	0	0	0	0	0	0	0	0	0	0	0	0	0	0	0	28	0	0	0	0	0	0	0	0	0
3298	2 Jun 26	03:30:00	1	0	1	0	Ct	0	0	0	0	0	0	0	0	0	0	0	0	0	0	0	9	0	0	1	0	0	0	0	0	0	0	0	0	0	0	0	0	0	0
3299	2 Jun 26	03:35:00	1	0	1	0	Ct	0	0	0	0	0	0	0	0	0	0	0	0	0	0	0	6	0	0	2	0	0	0	0	6	3	0	0	12	0	0	0	0	0	0
3300	2 Jun 26	03:40:00	1	0	1	0	Ct	0	0	0	0	6	0	0	0	0	0	0	0	1	0	0	4	0	0	1	0	0	0	0	2	0	0	0	1	0	0	0	0	0	0
3301	2 Jun 26	03:45:00	1	0	1	0	Ct	0	0	0	0	0	0	0	0	0	0	0	0	5	0	0	0	0	0	10	0	0	0	0	0	0	0	0	0	0	0	0	0	0	0
3302	2 Jun 26	03:50:00	1	0	1	0	Ct	0	0	0	0	0	0	0	0	0	0	0	0	0	0	0	0	0	0	0	0	0	0	0	0	9	0	0	0	0	0	0	0	0	0
3303	2 Jun 26	03:55:00	1	0	1	0	Ct	0	0	0	0	0	0	0	0	5	0	0	0	0	0	0	0	0	0	0	0	0	0	0	0	1	0	0	0	0	0	0	0	0	0
3304	2 Jun 26	04:00:00	1	0	1	0	Ct	0	0	0	0	0	0	0	0	9	0	0	0	6	0	0	0	0	0	0	0	0	0	0	0	8	0	0	0	0	0	0	0	0	0
3305	2 Jun 26	04:05:00	1	0	1	0	Ct	0	0	0	0	0	0	0	0	0	0	0	0	0	0	0	0	0	0	5	0	0	0	0	0	2	0	0	0	0	0	0	0	0	0
3306	2 Jun 26	04:10:00	1	0	1	0	Ct	0	0	0	0	0	0	0	0	3	0	0	0	0	0	0	0	0	0	0	0	0	0	0	0	0	0	0	0	0	0	0	0	0	0
3307	2 Jun 26	04:15:00	1	0	1	0	Ct	0	0	0	0	0	0	0	0	1	0	0	0	0	0	0	0	0	0	34	0	0	0	0	0	0	0	0	0	0	0	0	0	0	0
3308	2 Jun 26	04:20:00	1	0	1	0	Ct	0	0	0	0	0	0	0	0	4	0	0	0	1	0	0	0	0	0	9	0	6	0	0	0	0	0	0	0	0	0	0	0	0	0
3309	2 Jun 26	04:25:00	1	0	1	0	Ct	0	0	0	0	0	0	0	0	0	0	0	0	0	0	0	0	0	0	12	0	0	0	0	0	0	0	0	0	0	0	3	0	0	0
3310	2 Jun 26	04:30:00	1	0	1	0	Ct	0	0	0	0	0	0	0	0	0	0	0	0	1	0	0	0	0	0	0	0	0	0	0	0	13	0	0	1	0	0	0	0	0	0
3311	2 Jun 26	04:35:00	1	0	1	0	Ct	0	0	0	0	0	0	0	0	0	0	0	0	3	0	0	0	0	0	0	0	0	0	0	0	5	0	0	0	0	0	0	0	0	0
3312	2 Jun 26	04:40:00	1	0	1	0	Ct	0	0	0	0	0	0	0	0	0	0	0	0	0	0	0	0	0	0	0	0	4	0	0	0	0	0	0	0	0	0	0	0	0	0
3313	2 Jun 26	04:45:00	1	0	1	0	Ct	0	0	0	0	0	0	0	0	0	0	0	0	0	0	0	0	0	0	4	0	0	0	0	0	0	0	0	0	0	0	0	0	0	0
3314	2 Jun 26	04:50:00	1	0	1	0	Ct	0	0	0	0	0	0	0	0	0	0	0	0	0	0	0	0	0	0	1	0	0	0	0	0	0	0	0	0	0	0	0	0	0	0
3315	2 Jun 26	04:55:00	1	0	1	0	Ct	0	0	0	0	0	0	0	0	0	0	0	0	0	0	0	0	0	0	1	0	0	0	0	0	0	0	0	0	0	0	0	0	0	0
3316	2 Jun 26	05:00:00	1	0	1	0	Ct	0	0	0	0	0	0	0	0	0	0	0	32	0	0	0	0	0	0	2	0	0	0	0	0	0	0	0	0	0	0	0	0	0	0
3317	2 Jun 26	05:05:00	1	0	1	0	Ct	0	0	0	0	0	0	0	0	0	0	0	17	2	0	0	0	0	0	0	0	0	0	0	0	0	0	0	0	0	0	0	0	0	0
3318	2 Jun 26	05:10:00	1	0	1	0	Ct	0	0	0	0	0	0	0	0	0	0	0	2	2	0	0	0	0	27	0	0	0	0	0	0	0	0	0	0	0	0	0	0	0	0
3319	2 Jun 26	05:15:00	1	0	1	0	Ct	0	0	0	0	0	0	0	0	6	0	0	0	14	0	0	0	0	7	13	0	0	0	0	0	0	0	0	0	0	0	0	0	0	0
3320	2 Jun 26	05:20:00	1	0	1	0	Ct	0	0	0	0	0	0	0	0	0	0	0	0	0	0	0	0	0	0	5	0	0	0	0	0	0	0	0	0	0	0	0	0	0	0
3321	2 Jun 26	05:25:00	1	0	1	0	Ct	0	0	0	0	0	0	0	0	0	0	0	0	0	0	0	0	0	0	1	0	0	0	0	0	0	0	0	0	0	0	0	0	0	0
3322	2 Jun 26	05:30:00	1	0	1	0	Ct	0	0	0	0	0	0	0	0	8	0	0	0	0	0	0	0	0	0	2	0	1	0	0	0	0	0	0	0	0	0	0	0	0	0
3323	2 Jun 26	05:35:00	1	0	1	0	Ct	0	0	0	0	0	0	0	0	0	0	0	0	7	0	21	0	0	0	0	0	0	0	0	0	5	0	0	0	0	0	0	0	0	0
3324	2 Jun 26	05:40:00	1	0	1	0	Ct	0	0	0	0	0	0	0	0	0	0	0	0	0	0	0	0	0	0	0	0	0	0	0	0	0	0	0	0	0	0	0	0	0	0
3325	2 Jun 26	05:45:00	1	0	1	0	Ct	0	0	0	0	0	0	0	0	0	0	0	0	0	0	1	8	0	0	5	0	0	0	0	0	8	0	0	0	0	0	0	0	0	0
3326	2 Jun 26	05:50:00	1	0	1	0	Ct	0	0	0	0	1	0	0	0	0	0	0	0	3	0	0	0	0	0	0	0	0	0	0	0	6	0	0	0	0	0	0	0	0	0
3327	2 Jun 26	05:55:00	1	0	1	0	Ct	0	0	0	0	6	0	0	0	0	0	0	0	6	0	0	0	0	0	3	0	0	0	0	0	8	0	0	0	0	0	0	0	0	0
3328	2 Jun 26	06:00:00	1	0	1	0	Ct	0	0	0	0	0	0	0	0	0	0	0	0	9	0	0	0	0	0	3	0	0	0	0	0	1	0	0	0	0	0	0	0	0	0
3329	2 Jun 26	06:05:00	1	0	1	0	Ct	0	0	0	0	0	0	0	0	0	0	0	0	0	0	0	1	0	0	10	0	0	0	0	0	0	0	0	0	0	0	0	0	0	0
3330	2 Jun 26	06:10:00	1	0	1	0	Ct	0	0	0	0	0	0	0	0	0	0	0	0	6	0	0	7	0	0	0	0	0	0	0	0	0	0	0	0	0	0	0	0	0	0
3331	2 Jun 26	06:15:00	1	0	1	0	Ct	0	0	0	0	0	0	0	0	0	0	0	0	0	0	0	0	0	0	1	0	0	0	0	0	0	0	0	0	0	0	0	0	0	0
3332	2 Jun 26	06:20:00	1	0	1	0	Ct	0	0	0	0	0	0	0	0	0	0	12	0	2	0	0	0	0	0	4	0	0	0	0	0	0	0	0	0	0	0	0	0	0	0
3333	2 Jun 26	06:25:00	1	0	1	0	Ct	0	0	0	0	0	0	0	0	0	0	6	0	1	0	0	0	0	0	5	0	0	0	0	0	0	0	0	0	0	0	0	0	0	0
3334	2 Jun 26	06:30:00	1	0	1	0	Ct	0	0	0	0	0	0	0	0	0	0	0	0	8	0	0	0	0	0	1	0	0	0	0	0	22	0	0	0	0	0	0	0	0	0
3335	2 Jun 26	06:35:00	1	0	1	0	Ct	0	0	0	0	0	0	0	0	0	0	0	0	1	0	0	0	0	0	4	0	0	0	0	0	8	0	0	0	0	0	0	0	0	0
3336	2 Jun 26	06:40:00	1	0	1	0	Ct	0	0	0	0	0	0	0	0	0	0	0	0	0	0	0	0	0	0	7	0	0	0	0	4	7	0	0	0	0	0	0	0	0	0
3337	2 Jun 26	06:45:00	1	0	1	0	Ct	0	0	0	0	0	0	0	0	0	0	0	0	2	0	0	0	0	0	30	0	0	0	0	2	0	0	0	0	0	0	0	0	0	0
3338	2 Jun 26	06:50:00	1	0	1	0	Ct	0	0	0	0	0	0	0	0	0	0	0	0	3	0	0	4	0	0	2	0	0	0	0	3	17	0	0	0	0	0	0	0	0	0
3339	2 Jun 26	06:55:00	1	0	1	0	Ct	0	0	0	0	0	0	0	0	0	0	0	0	4	0	0	12	0	0	1	0	0	0	0	0	2	0	0	2	0	0	0	0	0	0
3340	2 Jun 26	07:00:00	1	0	1	0	Ct	0	0	0	0	0	0	0	0	0	0	0	0	0	0	0	0	0	0	1	0	0	0	0	0	22	0	0	0	0	0	0	0	0	0
3341	2 Jun 26	07:05:00	1	0	1	0	Ct	0	0	0	0	0	0	0	0	0	0	0	0	0	0	0	0	0	0	4	0	0	0	0	0	0	0	0	0	0	0	0	0	0	0
3342	2 Jun 26	07:10:00	1	0	1	0	Ct	0	0	0	0	0	0	0	0	0	0	0	0	0	0	0	8	0	0	4	0	0	0	0	19	0	0	0	0	0	0	0	0	0	0
3343	2 Jun 26	07:15:00	1	0	1	0	Ct	0	0	0	0	0	0	0	0	0	0	0	0	0	0	0	12	0	0	1	0	0	0	0	0	3	0	0	0	0	0	0	0	0	0
3344	2 Jun 26	07:20:00	1	0	1	0	Ct	0	0	0	0	0	0	0	0	0	0	0	0	1	0	0	0	0	0	1	0	0	0	0	2	53	0	0	0	0	0	16	0	0	0
3345	2 Jun 26	07:25:00	1	0	1	0	Ct	0	0	0	0	0	0	0	0	0	0	0	0	3	0	0	0	0	0	2	0	60	0	0	0	53	0	0	0	0	0	0	0	0	0
3346	2 Jun 26	07:30:00	1	0	1	0	Ct	0	0	0	0	0	0	0	0	0	0	1	0	0	0	0	0	0	0	3	0	6	0	0	10	16	0	0	0	0	0	2	0	0	0
3347	2 Jun 26	07:35:00	1	0	1	0	Ct	0	0	0	0	0	0	0	0	0	0	10	0	0	0	0	0	0	0	6	0	0	0	0	16	0	0	0	0	0	0	1	0	0	0
3348	2 Jun 26	07:40:00	1	0	1	0	Ct	0	0	0	0	0	0	0	0	0	0	0	0	0	0	0	0	0	0	0	0	0	0	0	1	11	0	0	0	0	0	1	0	0	0
3349	2 Jun 26	07:45:00	1	0	1	0	Ct	0	0	0	0	0	0	0	0	0	0	0	0	0	0	0	0	0	13	0	0	0	0	0	0	1	0	0	0	0	0	0	0	0	0
3350	2 Jun 26	07:50:00	1	0	1	0	Ct	0	0	0	0	0	0	0	0	0	0	0	0	0	0	0	0	0	17	5	0	0	0	0	0	0	0	0	0	0	0	0	0	0	0
3351	2 Jun 26	07:55:00	1	0	1	0	Ct	0	0	0	0	0	0	0	0	0	0	0	0	0	0	0	0	0	0	2	0	0	0	0	0	0	0	0	0	0	0	0	0	0	0
3352	2 Jun 26	08:00:00	1	0	1	0	Ct	0	0	0	0	0	0	0	0	0	0	0	0	0	0	0	0	0	0	2	0	0	0	0	0	0	0	0	0	0	0	0	0	0	0
3353	2 Jun 26	08:05:00	1	0	1	0	Ct	0	0	0	0	0	0	0	0	0	0	0	0	8	0	0	0	0	0	18	0	0	0	0	0	0	0	0	0	0	0	0	0	0	0
3354	2 Jun 26	08:10:00	1	0	1	0	Ct	0	0	0	0	0	0	0	0	3	0	0	0	0	0	0	3	0	0	2	0	0	0	0	0	0	0	0	0	0	0	0	0	0	0
3355	2 Jun 26	08:15:00	1	0	1	0	Ct	0	0	0	0	0	0	0	0	0	0	0	0	0	0	0	0	0	0	11	3	0	0	0	0	0	0	0	0	0	0	0	0	0	0
3356	2 Jun 26	08:20:00	1	0	1	0	Ct	0	0	0	0	0	0	0	0	0	0	0	0	0	0	0	0	0	0	18	19	0	0	0	0	16	0	0	0	0	0	0	0	0	0
3357	2 Jun 26	08:25:00	1	0	1	0	Ct	0	0	0	0	0	0	0	0	0	0	0	0	0	0	0	0	0	0	8	0	0	0	0	0	14	0	0	0	0	0	0	0	0	0
3358	2 Jun 26	08:30:00	1	0	1	0	Ct	0	0	0	0	0	0	0	0	0	0	0	0	0	0	0	0	0	0	0	0	0	0	0	20	13	0	0	2	0	0	0	0	0	0
3359	2 Jun 26	08:35:00	1	0	1	0	Ct	0	0	0	0	0	0	0	0	0	0	0	0	0	0	0	6	0	0	0	0	0	0	0	2	0	0	0	4	0	0	0	0	0	0
3360	2 Jun 26	08:40:00	1	0	1	0	Ct	0	0	0	0	0	0	0	0	0	0	0	0	0	0	0	5	0	0	0	0	0	0	0	0	3	0	0	0	0	0	0	0	0	0
3361	2 Jun 26	08:45:00	1	0	1	0	Ct	0	0	0	0	0	0	0	0	0	0	0	0	0	0	0	0	0	0	0	0	0	0	0	0	2	0	0	0	0	0	0	0	0	0
3362	2 Jun 26	08:50:00	1	0	1	0	Ct	0	0	0	0	0	0	0	0	0	0	0	0	0	0	0	0	0	0	23	0	0	0	0	0	1	0	0	0	0	0	0	0	0	0
3363	2 Jun 26	08:55:00	1	0	1	0	Ct	0	0	0	0	0	0	0	0	0	0	0	0	0	0	0	0	0	0	0	0	8	0	0	0	0	0	0	0	0	0	0	0	0	0
3364	2 Jun 26	09:00:00	1	0	1	0	Ct	0	0	0	0	0	0	0	0	0	0	0	0	0	0	0	0	0	0	0	0	0	0	0	0	0	0	0	0	0	0	0	0	0	0
3365	2 Jun 26	09:05:00	1	0	1	0	Ct	0	0	0	0	0	0	0	0	0	0	0	0	0	0	0	0	0	0	0	0	0	0	0	0	31	0	0	0	0	0	0	0	0	0
3366	2 Jun 26	09:10:00	1	0	1	0	Ct	0	0	0	0	0	0	0	0	0	0	0	0	0	0	0	0	0	0	0	0	0	0	0	0	14	0	0	0	0	0	0	0	0	0
3367	2 Jun 26	09:15:00	1	0	1	0	Ct	0	0	0	0	0	0	0	0	0	0	0	0	0	0	0	9	0	0	0	0	0	0	0	0	0	0	0	0	0	0	0	0	0	0
3368	2 Jun 26	09:20:00	1	0	1	0	Ct	0	0	0	0	0	0	0	0	0	0	0	0	0	0	0	0	0	0	0	0	0	0	0	0	0	0	0	0	0	0	0	0	0	0
3369	2 Jun 26	09:25:00	1	0	1	0	Ct	0	0	0	0	0	0	0	0	0	0	0	0	0	0	0	0	0	0	8	0	0	0	0	0	0	0	0	0	0	0	0	0	0	0
3370	2 Jun 26	09:30:00	1	0	1	0	Ct	0	0	0	0	0	0	0	0	0	0	0	0	0	0	0	0	0	0	0	0	0	0	0	0	0	0	0	0	0	0	0	0	0	0
3371	2 Jun 26	09:35:00	1	0	1	0	Ct	0	0	0	0	0	0	0	0	0	0	0	0	0	0	0	0	0	0	0	0	0	0	0	0	0	0	0	0	0	0	0	0	0	0
3372	2 Jun 26	09:40:00	1	0	1	0	Ct	0	0	0	0	0	0	0	0	0	0	0	0	0	0	0	59	0	0	0	0	0	0	0	10	0	0	0	0	0	0	0	0	0	0
3373	2 Jun 26	09:45:00	1	0	1	0	Ct	0	0	0	0	0	0	0	0	0	0	0	0	0	0	0	5	0	0	14	0	0	0	0	2	0	0	0	0	0	0	0	0	0	0
3374	2 Jun 26	09:50:00	1	0	1	0	Ct	0	0	0	0	0	0	0	0	0	0	0	0	0	0	0	0	0	0	0	0	0	0	0	0	0	0	0	0	0	0	0	0	0	0
3375	2 Jun 26	09:55:00	1	0	1	0	Ct	0	0	0	0	0	0	0	0	0	0	0	0	3	0	0	0	0	0	0	0	0	0	0	0	0	0	0	0	0	0	0	0	0	0
3376	2 Jun 26	10:00:00	1	0	1	0	Ct	0	1	0	0	0	0	0	0	0	0	0	0	0	0	0	0	0	0	0	0	0	0	0	1	0	0	0	0	0	0	0	0	0	0
3377	2 Jun 26	10:05:00	1	0	1	0	Ct	0	1	0	0	0	0	0	0	0	0	0	0	4	0	0	0	0	0	0	0	2	0	0	5	2	0	0	0	0	0	6	0	0	0
3378	2 Jun 26	10:10:00	1	0	1	0	Ct	0	1	0	0	0	0	0	0	0	0	0	0	2	0	0	0	0	8	0	0	6	0	0	11	2	0	0	0	0	0	12	0	0	0
3379	2 Jun 26	10:15:00	1	0	1	0	Ct	0	1	0	0	0	0	0	0	3	0	0	0	2	0	0	0	0	0	4	0	4	0	0	2	29	0	0	0	0	0	13	0	0	0
3380	2 Jun 26	10:20:00	1	0	1	0	Ct	0	1	0	0	0	0	0	0	0	0	0	0	1	0	0	0	0	0	0	0	4	5	0	3	16	0	0	0	0	0	8	0	0	0
3381	2 Jun 26	10:25:00	1	0	1	0	Ct	0	1	0	0	0	0	0	0	0	0	0	0	2	0	0	0	0	0	0	0	1	26	0	3	2	0	0	0	0	0	6	0	11	0
3382	2 Jun 26	10:30:00	1	0	1	0	Ct	0	1	0	0	0	0	0	0	0	0	0	0	0	0	0	0	0	0	0	0	3	25	0	3	6	0	0	0	0	0	3	0	0	0
3383	2 Jun 26	10:35:00	1	0	1	0	Ct	0	1	0	0	0	0	0	0	0	0	0	0	1	0	0	1	0	0	0	0	1	11	0	3	7	0	0	0	0	0	5	0	0	0
3384	2 Jun 26	10:40:00	1	0	1	0	Ct	0	1	0	0	0	0	0	0	0	0	0	0	4	0	0	0	0	0	0	37	3	26	0	7	1	0	0	0	0	0	7	0	0	0
3385	2 Jun 26	10:45:00	1	0	1	0	Ct	0	1	0	0	0	0	0	0	0	0	0	0	0	0	0	0	0	0	0	0	3	0	0	6	0	0	0	0	0	0	18	0	0	0
3386	2 Jun 26	10:50:00	1	0	1	0	Ct	0	1	0	0	0	0	0	0	0	0	0	0	0	0	0	5	0	0	0	0	0	0	0	0	0	0	0	0	0	0	9	0	0	0
3387	2 Jun 26	10:55:00	1	0	1	0	Ct	0	1	0	0	0	0	0	0	0	0	0	0	2	0	0	0	0	0	0	0	0	0	0	0	0	0	0	0	0	0	5	0	0	0
3388	2 Jun 26	11:00:00	1	0	1	0	Ct	0	1	0	0	0	0	0	0	0	0	0	0	0	0	0	1	0	0	0	0	4	0	0	0	0	0	0	0	0	0	6	0	0	0
3389	2 Jun 26	11:05:00	1	0	1	0	Ct	0	1	0	0	0	0	0	0	0	0	0	0	3	0	0	49	0	0	0	0	2	0	0	0	25	0	0	0	0	0	3	0	0	0
3390	2 Jun 26	11:10:00	1	0	1	0	Ct	0	1	0	0	8	0	0	0	0	0	0	0	6	0	0	3	0	0	0	0	0	0	0	4	0	0	0	0	0	0	5	0	0	0
3391	2 Jun 26	11:15:00	1	0	1	0	Ct	0	1	0	0	12	0	0	0	0	0	10	0	0	0	0	15	0	0	0	0	3	0	0	5	1	0	0	0	0	0	8	0	0	0
3392	2 Jun 26	11:20:00	1	0	1	0	Ct	0	1	0	0	1	0	0	0	0	0	4	0	0	0	0	0	0	0	0	0	2	22	0	5	31	0	0	0	0	0	2	0	0	0
3393	2 Jun 26	11:25:00	1	0	1	0	Ct	0	1	0	0	6	0	0	0	0	0	0	0	8	0	0	0	0	0	0	0	5	0	0	4	7	0	0	0	0	0	2	0	0	0
3394	2 Jun 26	11:30:00	1	0	1	0	Ct	0	1	0	0	0	0	0	0	0	0	0	0	1	0	0	47	0	0	0	0	3	0	0	1	3	0	0	0	0	0	3	0	0	0
3395	2 Jun 26	11:35:00	1	0	1	0	Ct	0	1	0	0	0	0	0	0	0	0	0	0	0	0	0	3	0	0	6	0	1	0	0	2	0	0	0	0	0	0	1	0	0	0
3396	2 Jun 26	11:40:00	1	0	1	0	Ct	0	1	0	0	0	0	0	0	0	0	0	0	2	0	0	0	0	0	0	0	1	0	0	0	29	0	0	0	0	0	2	0	0	0
3397	2 Jun 26	11:45:00	1	0	1	0	Ct	0	1	0	0	0	0	0	0	2	0	0	0	2	0	0	0	0	13	13	0	0	18	0	2	7	0	0	0	0	0	4	0	0	0
3398	2 Jun 26	11:50:00	1	0	1	0	Ct	0	1	0	0	0	0	0	0	0	0	0	0	0	0	0	0	0	0	0	0	2	35	0	6	1	0	0	0	0	0	2	0	0	0
3399	2 Jun 26	11:55:00	1	0	1	0	Ct	0	1	0	0	1	0	0	0	0	0	0	0	7	0	0	0	0	0	0	0	0	0	0	0	6	0	0	0	0	0	2	0	0	0
3400	2 Jun 26	12:00:00	1	0	1	0	Ct	0	1	0	0	0	0	0	0	0	0	0	0	1	0	0	0	0	1	0	0	4	0	0	0	1	0	0	0	0	0	7	0	0	0
3401	2 Jun 26	12:05:00	1	0	1	0	Ct	0	1	0	0	0	0	0	0	0	0	0	0	0	0	0	0	0	17	0	0	3	0	0	0	41	0	0	0	0	0	1	0	0	0
3402	2 Jun 26	12:10:00	1	0	1	0	Ct	0	1	0	0	0	0	0	0	0	0	0	0	3	0	0	0	0	0	0	0	4	0	0	0	11	0	0	0	0	0	3	0	0	0
3403	2 Jun 26	12:15:00	1	0	1	0	Ct	0	1	0	0	0	0	0	0	2	0	0	0	2	0	0	0	0	0	0	0	0	0	0	0	0	0	0	0	0	0	3	0	0	0
3404	2 Jun 26	12:20:00	1	0	1	0	Ct	0	1	0	0	0	0	0	0	0	0	0	0	5	0	0	0	0	0	0	0	6	0	0	0	48	0	0	0	0	0	3	0	0	0
3405	2 Jun 26	12:25:00	1	0	1	0	Ct	0	1	0	0	0	0	0	0	0	0	0	0	2	0	0	2	0	0	0	0	0	0	0	0	22	0	0	0	0	0	1	0	0	0
3406	2 Jun 26	12:30:00	1	0	1	0	Ct	0	1	0	0	0	0	1	0	0	0	0	0	1	0	0	0	0	0	0	0	0	0	0	0	0	0	0	0	0	0	1	0	0	0
3407	2 Jun 26	12:35:00	1	0	1	0	Ct	0	1	0	0	0	0	11	0	0	0	0	0	0	0	0	17	0	0	0	0	0	0	0	0	29	0	0	0	0	0	2	0	0	0
3408	2 Jun 26	12:40:00	1	0	1	0	Ct	0	1	0	0	0	0	42	0	0	0	0	0	0	0	0	0	0	0	0	0	1	0	0	0	1	0	0	0	0	0	2	0	0	0
3409	2 Jun 26	12:45:00	1	0	1	0	Ct	0	1	0	0	0	0	54	0	2	0	0	0	0	0	0	0	0	0	0	3	2	7	0	0	32	0	0	0	0	0	15	0	0	0
3410	2 Jun 26	12:50:00	1	0	1	0	Ct	0	1	3	0	0	0	7	0	0	0	0	0	0	0	0	0	0	0	0	0	5	0	0	0	5	0	0	0	0	0	0	0	0	0
3411	2 Jun 26	12:55:00	1	0	1	0	Ct	0	1	4	0	0	0	13	0	0	0	0	0	5	0	0	0	0	0	0	37	1	0	0	0	0	0	0	0	0	0	2	0	0	0
3412	2 Jun 26	13:00:00	1	0	1	0	Ct	0	1	0	0	0	0	36	0	0	0	0	0	12	0	0	0	0	0	0	31	2	0	0	0	13	0	0	0	0	0	1	0	0	0
3413	2 Jun 26	13:05:00	1	0	1	0	Ct	0	1	0	0	0	0	57	0	0	0	0	0	2	0	0	24	0	0	0	25	1	0	0	0	16	0	0	5	0	0	4	0	16	0
3414	2 Jun 26	13:10:00	1	0	1	0	Ct	0	1	0	0	0	0	0	0	0	0	0	0	0	0	0	18	0	0	0	8	0	0	0	6	9	0	0	0	0	0	3	0	0	0
3415	2 Jun 26	13:15:00	1	0	1	0	Ct	0	1	0	0	0	0	4	0	0	0	0	0	2	0	0	3	0	0	0	8	2	0	0	4	1	0	0	0	0	0	0	0	0	0
3416	2 Jun 26	13:20:00	1	0	1	0	Ct	0	1	0	0	0	0	49	0	0	0	0	0	0	0	0	0	0	0	0	70	0	0	0	6	0	0	0	0	0	0	0	0	0	0
3417	2 Jun 26	13:25:00	1	0	1	0	Ct	0	1	0	0	0	0	52	0	8	0	0	0	0	0	0	0	0	0	0	9	2	0	0	7	0	0	0	0	0	0	1	0	0	0
3418	2 Jun 26	13:30:00	1	0	1	0	Ct	0	1	0	0	0	0	21	0	14	0	0	0	0	0	0	0	0	0	0	0	1	0	0	1	13	0	0	0	0	0	0	0	0	0
3419	2 Jun 26	13:35:00	1	0	1	0	Ct	0	1	0	0	0	0	20	0	0	0	0	0	2	0	0	0	0	0	0	4	0	0	0	3	19	0	0	0	0	0	2	0	0	0
3420	2 Jun 26	13:40:00	1	0	1	0	Ct	0	1	0	0	2	0	37	0	0	0	0	0	0	0	0	0	0	0	0	2	0	0	0	3	8	0	0	0	0	0	4	0	0	0
3421	2 Jun 26	13:45:00	1	0	1	0	Ct	0	1	20	0	0	0	21	0	0	0	0	7	0	0	0	0	0	0	0	0	0	0	0	3	10	0	0	0	0	0	2	0	0	0
3422	2 Jun 26	13:50:00	1	0	1	0	Ct	0	1	11	0	0	0	0	0	0	0	0	0	0	0	0	0	0	0	0	0	0	0	0	5	0	0	0	0	0	0	2	0	0	0
3423	2 Jun 26	13:55:00	1	0	1	0	Ct	0	1	0	0	0	0	30	0	0	0	0	0	0	0	0	0	0	0	0	0	5	0	0	0	39	0	0	0	0	0	0	0	0	0
3424	2 Jun 26	14:00:00	1	0	1	0	Ct	0	1	0	0	0	0	4	0	0	0	0	0	0	0	0	0	0	0	0	0	2	0	0	0	0	0	0	0	0	0	0	0	0	0
3425	2 Jun 26	14:05:00	1	0	1	0	Ct	0	1	0	0	0	0	14	0	0	0	0	0	0	0	15	0	0	0	0	0	0	0	0	0	1	0	0	0	0	0	5	0	0	0
3426	2 Jun 26	14:10:00	1	0	1	0	Ct	0	1	0	0	0	0	17	0	0	0	0	3	0	0	1	0	0	0	0	0	0	0	0	0	0	0	0	0	0	0	2	0	0	0
3427	2 Jun 26	14:15:00	1	0	1	0	Ct	0	1	0	0	1	0	24	0	0	0	0	0	0	0	0	0	0	0	0	0	2	0	0	0	1	0	0	0	0	0	0	0	0	0
3428	2 Jun 26	14:20:00	1	0	1	0	Ct	0	1	0	0	0	0	12	0	0	0	0	0	2	0	0	0	0	0	0	0	2	0	0	0	1	0	0	0	0	0	3	0	0	0
3429	2 Jun 26	14:25:00	1	0	1	0	Ct	0	1	0	0	0	0	6	0	0	0	0	0	2	0	0	0	0	0	0	0	2	0	0	0	5	0	0	0	0	0	2	0	0	0
3430	2 Jun 26	14:30:00	1	0	1	0	Ct	0	1	0	0	0	0	0	0	0	0	0	0	0	0	0	0	0	0	11	0	4	0	0	0	2	0	0	5	0	0	1	0	0	0
3431	2 Jun 26	14:35:00	1	0	1	0	Ct	0	1	0	0	0	0	0	0	0	0	0	0	0	0	0	0	0	0	0	0	0	0	0	5	0	0	0	0	0	0	1	0	0	0
3432	2 Jun 26	14:40:00	1	0	1	0	Ct	0	1	0	0	0	0	0	0	0	0	0	0	0	0	0	0	0	10	0	0	0	0	0	0	0	0	0	0	0	0	2	0	0	0
3433	2 Jun 26	14:45:00	1	0	1	0	Ct	0	1	0	0	0	0	0	0	0	0	0	0	0	0	0	0	0	1	21	0	2	0	0	4	0	0	0	0	0	0	0	0	0	0
3434	2 Jun 26	14:50:00	1	0	1	0	Ct	0	1	0	0	0	0	0	0	0	0	0	0	0	0	0	0	0	5	4	0	4	0	0	1	10	0	0	0	0	0	2	0	0	0
3435	2 Jun 26	14:55:00	1	0	1	0	Ct	0	1	0	0	0	0	0	0	0	0	0	0	0	0	0	0	0	14	33	0	5	0	0	0	0	0	0	0	0	0	0	0	0	0
3436	2 Jun 26	15:00:00	1	0	1	0	Ct	0	1	0	0	0	0	0	0	0	0	0	0	0	0	0	0	0	0	0	0	5	0	0	0	9	0	0	3	0	0	2	0	0	0
3437	2 Jun 26	15:05:00	1	0	1	0	Ct	0	1	0	0	0	0	0	0	0	0	0	0	0	0	0	3	0	0	0	0	0	0	0	0	0	0	0	1	0	0	0	0	0	0
3438	2 Jun 26	15:10:00	1	0	1	0	Ct	0	1	0	0	0	0	0	0	0	0	0	0	0	0	0	10	0	0	0	0	0	0	0	0	9	0	0	0	0	0	0	0	0	0
3439	2 Jun 26	15:15:00	1	0	1	0	Ct	0	1	0	0	0	0	0	0	0	0	0	0	0	0	0	11	0	0	0	0	0	0	0	0	1	0	0	0	0	0	2	0	0	0
3440	2 Jun 26	15:20:00	1	0	1	0	Ct	0	1	0	0	0	0	0	0	0	0	0	0	0	0	0	10	0	0	6	2	4	0	0	0	0	0	0	0	0	0	0	0	0	0
3441	2 Jun 26	15:25:00	1	0	1	0	Ct	0	1	0	0	0	0	0	0	0	0	0	0	2	0	0	2	0	0	14	0	5	0	0	0	0	0	0	0	0	0	1	0	0	0
3442	2 Jun 26	15:30:00	1	0	1	0	Ct	0	1	0	0	0	0	0	0	0	0	0	0	0	0	0	0	0	0	7	1	3	0	0	0	0	0	0	0	0	0	0	0	0	0
3443	2 Jun 26	15:35:00	1	0	1	0	Ct	0	1	0	0	0	0	0	0	0	0	0	0	0	0	0	6	0	0	0	0	1	0	0	0	0	0	0	6	0	0	3	0	0	0
3444	2 Jun 26	15:40:00	1	0	1	0	Ct	0	1	0	0	0	0	0	0	0	0	0	0	0	0	0	0	0	1	0	21	3	0	0	2	0	0	0	0	0	0	0	0	0	0
3445	2 Jun 26	15:45:00	1	0	1	0	Ct	0	1	0	0	0	0	0	0	0	0	0	0	0	0	0	5	0	22	40	88	1	0	0	0	0	0	0	0	0	0	3	0	0	0
3446	2 Jun 26	15:50:00	1	0	1	0	Ct	0	1	0	0	0	0	0	0	0	0	0	0	0	0	0	0	0	0	0	51	0	0	0	6	0	0	0	0	0	0	0	0	0	0
3447	2 Jun 26	15:55:00	1	0	1	0	Ct	0	1	0	0	0	0	0	0	0	0	0	0	0	0	0	8	0	0	0	37	0	0	0	2	0	0	0	0	0	0	0	0	0	0
3448	2 Jun 26	16:00:00	1	0	1	0	Ct	0	1	0	0	0	0	0	0	0	0	0	0	0	0	0	0	0	0	0	0	3	0	0	4	0	0	0	0	0	0	0	0	0	0
3449	2 Jun 26	16:05:00	1	0	1	0	Ct	0	1	0	0	0	0	0	0	0	0	0	0	0	0	0	0	0	0	0	0	6	0	0	3	4	0	0	0	0	0	2	0	0	0
3450	2 Jun 26	16:10:00	1	0	1	0	Ct	0	1	0	0	0	0	0	0	0	0	0	0	0	0	0	8	0	0	0	0	2	0	0	6	1	0	0	0	0	0	0	0	0	0
3451	2 Jun 26	16:15:00	1	0	1	0	Ct	0	1	0	0	1	0	0	0	0	0	0	0	0	0	0	10	0	0	0	0	0	0	0	1	0	0	0	0	0	0	0	0	0	0
3452	2 Jun 26	16:20:00	1	0	1	0	Ct	0	1	0	0	0	0	0	0	0	0	0	0	0	0	0	2	0	0	0	0	0	0	0	1	0	0	0	0	0	0	0	0	0	0
3453	2 Jun 26	16:25:00	1	0	1	0	Ct	0	1	0	0	0	0	0	0	0	0	0	0	0	0	0	0	0	0	0	0	7	0	0	11	0	0	0	0	0	0	0	0	0	0
3454	2 Jun 26	16:30:00	1	0	1	0	Ct	0	1	0	0	0	0	0	0	0	0	0	14	0	0	0	0	0	0	0	0	3	0	0	3	0	0	0	2	0	0	2	0	0	0
3455	2 Jun 26	16:35:00	1	0	1	0	Ct	0	1	0	0	0	0	0	0	0	0	0	9	0	0	0	0	0	0	0	0	14	0	0	0	0	0	0	0	0	0	2	0	0	0
3456	2 Jun 26	16:40:00	1	0	1	0	Ct	0	1	0	0	0	0	0	0	0	0	0	8	0	0	0	11	0	0	0	0	0	0	0	0	0	0	0	0	0	0	0	0	0	0
3457	2 Jun 26	16:45:00	1	0	1	0	Ct	0	1	0	0	3	0	0	0	0	0	0	0	0	0	0	6	0	0	0	0	0	0	0	4	0	0	0	0	0	0	0	0	0	0
3458	2 Jun 26	16:50:00	1	0	1	0	Ct	0	1	0	0	0	0	0	0	0	0	0	35	0	0	0	4	0	4	0	3	0	0	0	0	0	0	0	0	0	0	0	0	0	0
3459	2 Jun 26	16:55:00	1	0	1	0	Ct	0	1	0	0	0	0	1	0	0	0	0	18	0	0	0	4	0	0	0	44	7	0	0	0	0	0	0	0	0	0	9	0	0	0
3460	2 Jun 26	17:00:00	1	0	1	0	Ct	0	1	0	0	0	0	0	0	0	0	0	0	0	0	0	0	0	0	0	16	10	0	0	0	0	0	0	0	0	0	2	0	0	0
3461	2 Jun 26	17:05:00	1	0	1	0	Ct	0	1	0	0	0	0	0	0	0	0	0	0	0	0	0	5	0	0	0	4	4	0	0	0	0	0	0	0	0	0	1	0	0	0
3462	2 Jun 26	17:10:00	1	0	1	0	Ct	0	1	0	0	0	0	0	0	0	0	0	0	0	0	0	0	0	0	0	18	4	0	0	0	0	0	0	2	0	0	0	0	0	0
3463	2 Jun 26	17:15:00	1	0	1	0	Ct	0	1	0	0	0	0	0	0	0	0	0	0	0	0	0	0	0	0	0	7	3	0	0	3	0	0	0	0	0	0	2	0	3	0
3464	2 Jun 26	17:20:00	1	0	1	0	Ct	0	1	0	0	0	0	0	0	0	0	0	0	0	0	0	0	0	0	0	6	0	0	0	0	8	0	0	18	0	0	0	0	0	0
3465	2 Jun 26	17:25:00	1	0	1	0	Ct	0	1	0	0	0	0	0	0	0	0	0	0	0	0	0	0	0	0	0	0	0	0	0	0	8	0	0	21	0	0	2	0	0	0
3466	2 Jun 26	17:30:00	1	0	1	0	Ct	0	1	0	0	0	0	0	0	0	0	0	0	0	0	0	0	0	0	0	14	0	0	0	0	27	0	0	0	0	0	0	0	0	0
3467	2 Jun 26	17:35:00	1	0	1	0	Ct	0	1	0	0	0	0	0	0	0	0	0	0	0	0	0	0	0	0	0	16	4	0	0	0	40	0	0	0	0	0	0	0	18	0
3468	2 Jun 26	17:40:00	1	0	1	0	Ct	0	1	0	0	0	0	0	0	0	0	0	0	0	0	0	0	0	0	0	0	2	0	0	0	5	0	0	0	0	0	0	0	0	0
3469	2 Jun 26	17:45:00	1	0	1	0	Ct	0	1	0	0	0	0	0	0	0	0	0	0	0	0	0	0	0	0	0	0	0	0	0	0	0	0	0	0	0	0	5	0	0	0
3470	2 Jun 26	17:50:00	1	0	1	0	Ct	0	1	0	0	0	0	0	0	0	0	0	0	0	0	0	0	0	0	0	0	3	0	0	0	0	0	0	0	0	0	0	0	1	0
3471	2 Jun 26	17:55:00	1	0	1	0	Ct	0	1	0	0	0	0	0	0	0	0	0	0	0	0	0	0	0	0	0	0	1	0	0	0	0	0	0	1	0	0	0	0	0	0
3472	2 Jun 26	18:00:00	1	0	1	0	Ct	0	1	0	0	0	0	0	0	0	0	0	0	0	0	7	0	0	0	0	3	1	0	0	0	6	0	0	1	0	0	0	0	0	0
3473	2 Jun 26	18:05:00	1	0	1	0	Ct	0	1	0	0	20	0	0	0	0	0	0	0	0	0	7	0	0	0	0	12	0	0	0	0	0	0	0	0	0	0	0	0	0	0
3474	2 Jun 26	18:10:00	1	0	1	0	Ct	0	1	0	0	0	0	0	0	0	0	0	0	0	0	0	0	0	4	0	11	0	0	0	0	0	0	0	0	0	0	2	0	1	0
3475	2 Jun 26	18:15:00	1	0	1	0	Ct	0	1	0	0	0	0	0	0	0	0	0	5	1	0	0	0	0	4	0	0	1	0	0	0	0	0	0	0	0	0	4	0	0	0
3476	2 Jun 26	18:20:00	1	0	1	0	Ct	0	1	0	0	0	0	0	0	0	0	0	1	0	0	0	0	0	0	0	0	3	0	0	2	0	6	0	0	0	0	0	0	0	0
3477	2 Jun 26	18:25:00	1	0	1	0	Ct	0	1	0	0	0	0	0	0	0	0	0	0	0	0	0	0	0	0	0	0	2	0	0	2	6	22	0	0	0	0	0	0	0	0
3478	2 Jun 26	18:30:00	1	0	1	0	Ct	0	1	0	0	0	0	0	0	0	0	0	0	0	0	0	0	0	0	0	0	3	0	0	0	12	0	0	0	0	0	0	0	0	0
3479	2 Jun 26	18:35:00	1	0	1	0	Ct	0	1	0	0	0	0	0	0	0	0	0	0	0	0	0	0	0	0	0	0	1	0	0	6	40	0	0	0	0	0	2	0	22	0
3480	2 Jun 26	18:40:00	1	0	1	0	Ct	0	1	0	0	0	0	0	0	0	0	0	0	0	0	0	0	0	0	0	0	0	0	0	0	2	0	0	0	0	0	0	0	11	0
3481	2 Jun 26	18:45:00	1	0	1	0	Ct	0	1	0	0	10	0	0	0	0	0	0	0	0	0	0	0	0	0	0	0	0	0	0	2	1	0	0	0	0	0	0	0	0	0
3482	2 Jun 26	18:50:00	1	0	1	0	Ct	0	1	0	0	1	0	0	0	0	0	0	0	0	0	0	0	0	0	0	0	0	0	0	3	0	0	0	0	0	0	1	0	0	0
3483	2 Jun 26	18:55:00	1	0	1	0	Ct	0	1	0	0	1	0	0	0	0	0	0	0	0	0	0	0	0	0	0	0	0	0	0	0	0	0	0	0	0	0	2	0	0	0
3484	2 Jun 26	19:00:00	1	0	1	0	Ct	0	1	0	0	0	0	0	0	0	0	0	0	0	0	0	0	0	0	0	9	2	0	0	2	0	0	0	0	0	0	2	0	0	0
3485	2 Jun 26	19:05:00	1	0	1	0	Ct	0	1	0	0	0	0	0	0	0	0	0	0	0	0	0	0	0	0	0	0	3	0	0	3	0	0	0	0	0	0	2	0	0	0
3486	2 Jun 26	19:10:00	1	0	1	0	Ct	0	1	0	0	0	0	0	0	0	0	0	0	0	0	0	0	0	0	0	1	0	0	0	2	4	0	0	0	0	0	1	0	0	0
3487	2 Jun 26	19:15:00	1	0	1	0	Ct	0	1	0	0	0	0	0	0	0	0	0	0	0	0	6	0	0	0	0	0	4	0	0	2	1	0	0	0	0	0	0	0	0	0
3488	2 Jun 26	19:20:00	1	0	1	0	Ct	0	1	0	0	0	0	0	0	0	0	0	0	0	0	7	0	0	0	0	0	4	0	0	0	0	0	0	0	0	0	0	0	0	0
3489	2 Jun 26	19:25:00	1	0	1	0	Ct	0	1	0	0	0	0	0	0	0	0	0	0	0	0	0	0	0	0	0	0	2	0	0	0	0	0	0	0	0	0	2	0	0	0
3490	2 Jun 26	19:30:00	1	0	1	0	Ct	0	1	0	0	5	0	0	0	0	0	0	0	0	0	0	0	0	0	0	1	3	0	0	3	4	0	0	0	0	0	0	0	0	0
3491	2 Jun 26	19:35:00	1	0	1	0	Ct	0	1	0	0	0	0	0	0	0	0	0	0	0	0	0	0	0	0	0	0	3	0	0	2	1	0	0	0	0	0	0	0	0	0
3492	2 Jun 26	19:40:00	1	0	1	0	Ct	0	1	0	0	0	0	0	0	0	0	0	0	0	0	0	0	0	0	0	0	0	0	0	3	10	0	0	0	0	0	0	0	0	0
3493	2 Jun 26	19:45:00	1	0	1	0	Ct	0	1	0	0	0	0	0	0	0	0	0	0	0	0	0	0	0	0	0	1	0	0	0	0	20	0	0	0	0	0	0	0	0	0
3494	2 Jun 26	19:50:00	1	0	1	0	Ct	0	1	0	0	0	0	0	0	0	0	0	0	0	0	0	3	0	0	0	3	0	0	0	0	1	0	0	2	0	0	3	0	0	0
3495	2 Jun 26	19:55:00	1	0	1	0	Ct	0	1	0	0	3	0	0	0	0	0	0	0	0	0	0	0	0	0	0	20	0	0	0	0	0	0	0	0	0	0	2	0	0	0
3496	2 Jun 26	20:00:00	1	0	1	0	Ct	0	1	0	0	46	0	0	0	0	0	0	0	0	0	0	0	0	0	0	64	3	0	0	2	0	0	0	0	0	0	2	0	0	0
3497	2 Jun 26	20:05:00	1	0	1	0	Ct	0	1	0	0	1	0	0	0	1	0	0	0	0	0	2	0	0	0	0	13	2	0	0	0	15	0	0	0	0	0	0	0	0	0
3498	2 Jun 26	20:10:00	1	0	1	0	Ct	0	1	0	0	0	0	0	0	3	0	0	0	0	0	3	0	0	0	0	10	0	0	0	0	20	0	0	0	0	0	0	0	0	0
3499	2 Jun 26	20:15:00	1	0	1	0	Ct	0	1	0	0	0	0	0	0	0	0	0	17	0	0	0	0	0	0	0	11	0	0	0	0	2	0	0	0	0	0	0	0	0	0
3500	2 Jun 26	20:20:00	1	0	1	0	Ct	0	1	20	0	0	0	0	0	0	0	0	1	0	0	0	1	0	0	0	16	2	0	0	0	0	0	0	19	0	0	0	0	0	0
3501	2 Jun 26	20:25:00	1	0	1	0	Ct	0	1	7	0	0	0	0	0	0	0	0	18	0	0	0	4	0	0	0	6	5	0	0	3	0	0	0	18	0	0	3	0	0	0
3502	2 Jun 26	20:30:00	1	0	1	0	Ct	0	1	2	0	0	0	0	0	0	0	0	24	0	0	0	9	0	0	0	45	7	0	0	1	11	0	0	0	0	0	0	0	0	0
3503	2 Jun 26	20:35:00	1	0	1	0	Ct	0	1	0	0	13	0	0	0	0	0	0	0	0	0	0	5	0	0	0	0	1	0	0	0	3	0	0	0	0	0	0	0	0	0
3504	2 Jun 26	20:40:00	1	0	1	0	Ct	0	1	0	0	13	0	0	0	0	0	0	0	0	0	0	6	0	0	0	2	0	0	0	0	0	0	0	0	0	0	2	0	0	0
3505	2 Jun 26	20:45:00	1	0	1	0	Ct	0	1	0	0	7	0	0	0	0	0	0	12	0	0	0	0	0	0	0	0	0	0	0	0	28	0	0	0	0	0	3	0	0	0
3506	2 Jun 26	20:50:00	1	0	1	0	Ct	0	1	0	0	0	0	0	0	0	0	0	0	0	0	0	6	0	0	0	0	0	0	0	0	46	0	0	0	0	0	0	0	0	0
3507	2 Jun 26	20:55:00	1	0	1	0	Ct	0	1	0	0	0	0	0	0	13	0	0	0	0	0	0	1	0	0	0	15	5	0	0	0	18	0	0	0	0	0	0	0	0	0
3508	2 Jun 26	21:00:00	1	0	1	0	Ct	0	1	0	0	6	0	0	0	0	0	0	0	0	0	0	3	0	0	0	0	4	0	0	0	1	0	0	0	0	0	2	0	0	0
3509	2 Jun 26	21:05:00	1	0	1	0	Ct	0	1	0	0	0	0	0	0	0	0	0	0	0	0	0	1	0	0	0	7	3	0	0	0	31	0	0	0	0	0	1	0	0	0
3510	2 Jun 26	21:10:00	1	0	1	0	Ct	0	1	0	0	0	0	0	0	0	0	0	0	0	0	0	0	0	0	0	8	1	0	0	0	2	0	0	0	0	0	4	0	0	0
3511	2 Jun 26	21:15:00	1	0	1	0	Ct	0	1	0	0	0	0	0	0	0	0	0	0	0	0	0	0	0	0	0	5	3	0	0	0	18	0	0	0	0	0	7	0	0	0
3512	2 Jun 26	21:20:00	1	0	1	0	Ct	0	1	0	0	1	0	0	0	0	0	0	0	0	0	0	0	0	0	0	19	2	0	0	0	0	0	0	2	0	0	0	0	0	0
3513	2 Jun 26	21:25:00	1	0	1	0	Ct	0	1	0	0	0	0	0	0	0	0	0	0	0	0	3	0	0	0	0	86	0	0	0	4	0	0	0	0	0	0	0	0	0	0
3514	2 Jun 26	21:30:00	1	0	1	0	Ct	0	1	0	0	0	0	0	0	0	0	0	0	0	0	0	0	0	0	0	0	0	0	0	3	0	0	0	0	0	0	1	0	0	0
3515	2 Jun 26	21:35:00	1	0	1	0	Ct	0	1	0	0	0	0	0	0	0	0	0	0	0	0	0	0	0	0	0	4	5	0	0	3	0	0	0	0	0	0	0	0	0	0
3516	2 Jun 26	21:40:00	1	0	1	0	Ct	0	1	0	0	0	0	0	0	0	0	0	0	0	0	0	0	0	0	0	0	3	0	0	0	20	0	0	0	0	0	5	0	0	0
3517	2 Jun 26	21:45:00	1	0	1	0	Ct	0	1	0	0	0	0	0	0	0	0	0	0	0	0	0	0	0	0	0	1	1	0	0	0	37	0	0	0	0	0	2	0	0	0
3518	2 Jun 26	21:50:00	1	0	1	0	Ct	0	1	0	0	13	0	0	0	0	0	0	0	0	0	0	0	0	0	0	0	0	0	0	0	18	0	0	0	0	0	0	0	0	0
3519	2 Jun 26	21:55:00	1	0	1	0	Ct	0	1	0	0	0	0	0	0	0	0	0	0	0	0	0	0	0	0	0	0	1	0	0	0	2	0	0	0	0	0	2	0	0	0
3520	2 Jun 26	22:00:00	1	0	1	0	Ct	0	1	0	0	3	0	0	0	2	0	0	0	0	0	0	2	0	0	0	0	1	0	0	2	0	0	0	0	0	0	0	0	0	0
3521	2 Jun 26	22:05:00	1	0	1	0	Ct	0	1	0	0	10	0	0	0	8	0	0	0	0	0	4	11	0	0	0	1	11	0	0	5	10	0	0	4	0	0	11	0	0	0
3522	2 Jun 26	22:10:00	1	0	1	0	Ct	0	0	9	0	1	0	0	0	20	0	0	5	0	0	11	9	0	0	0	0	0	0	0	5	0	0	0	2	0	0	9	0	0	0
3523	2 Jun 26	22:15:00	1	0	1	0	Ct	0	0	13	0	12	0	0	0	5	0	0	0	0	0	0	8	0	0	0	0	4	0	0	4	0	0	0	1	0	0	4	0	0	0
3524	2 Jun 26	22:20:00	1	0	1	0	Ct	0	0	2	0	14	0	0	0	12	0	0	0	0	0	0	5	0	0	0	0	3	0	0	1	0	0	0	0	0	0	17	0	0	0
3525	2 Jun 26	22:25:00	1	0	1	0	Ct	0	0	0	0	5	0	7	0	9	0	0	0	0	0	3	8	0	0	0	0	2	0	0	1	0	0	0	0	0	0	5	0	0	0
3526	2 Jun 26	22:30:00	1	0	1	0	Ct	0	0	0	0	3	0	0	0	9	0	0	0	0	0	4	8	0	0	11	0	1	0	0	0	0	0	0	0	0	0	4	0	0	0
3527	2 Jun 26	22:35:00	1	0	1	0	Ct	0	0	0	0	8	0	1	0	0	0	0	0	0	0	5	5	0	0	4	0	0	0	0	2	0	0	0	0	0	0	9	0	0	0
3528	2 Jun 26	22:40:00	1	0	1	0	Ct	0	0	0	0	0	0	7	0	2	0	0	0	0	0	0	6	0	0	0	0	0	0	0	0	0	0	0	0	0	0	0	0	0	0
3529	2 Jun 26	22:45:00	1	0	1	0	Ct	0	0	0	0	0	0	10	0	0	0	0	0	0	0	0	4	0	0	0	0	0	0	0	7	19	0	0	0	0	0	9	0	0	0
3530	2 Jun 26	22:50:00	1	0	1	0	Ct	0	0	0	0	0	0	15	0	0	0	0	0	0	0	0	5	0	0	0	0	1	0	0	5	35	0	0	0	0	0	16	0	0	0
3531	2 Jun 26	22:55:00	1	0	1	0	Ct	0	0	0	0	4	0	20	0	0	0	0	2	0	0	4	6	0	0	0	0	2	0	0	3	8	0	0	0	0	0	8	0	0	0
3532	2 Jun 26	23:00:00	1	0	1	0	Ct	0	0	22	0	0	0	43	0	0	0	0	0	0	0	0	8	0	0	0	0	4	0	0	4	7	0	0	0	0	0	7	0	0	0
3533	2 Jun 26	23:05:00	1	0	1	0	Ct	0	0	0	0	1	0	0	0	1	0	0	0	0	0	0	6	0	0	15	0	0	0	0	4	0	0	0	0	0	0	5	0	0	0
3534	2 Jun 26	23:10:00	1	0	1	0	Ct	0	0	0	0	19	0	0	0	2	0	0	0	0	0	0	13	0	0	0	0	0	0	0	1	5	0	0	0	0	0	2	0	0	0
3535	2 Jun 26	23:15:00	1	0	1	0	Ct	0	0	0	0	1	0	0	0	0	0	0	0	0	0	0	9	0	0	0	0	0	0	0	2	1	0	0	0	0	0	2	0	0	0
3536	2 Jun 26	23:20:00	1	0	1	0	Ct	0	0	0	0	0	0	0	0	0	0	0	0	0	0	0	4	0	0	0	0	0	0	0	0	0	0	0	0	0	0	11	0	0	0
3537	2 Jun 26	23:25:00	1	0	1	0	Ct	0	0	0	0	0	0	0	0	2	0	0	0	0	0	0	3	0	0	0	0	4	0	0	10	0	0	0	0	0	0	9	0	0	0
3538	2 Jun 26	23:30:00	1	0	1	0	Ct	0	0	0	0	0	0	0	0	4	0	0	0	0	0	0	0	0	0	0	0	1	0	0	0	0	0	0	0	0	0	6	0	0	0
3539	2 Jun 26	23:35:00	1	0	1	0	Ct	0	0	0	0	7	0	0	0	2	0	0	0	0	0	0	0	0	0	0	0	17	0	0	5	0	0	0	0	0	0	7	0	0	0
3540	2 Jun 26	23:40:00	1	0	1	0	Ct	0	0	0	0	1	0	0	0	0	0	0	0	0	0	0	0	0	0	0	0	21	0	0	1	0	0	0	0	0	0	7	0	0	0
3541	2 Jun 26	23:45:00	1	0	1	0	Ct	0	0	5	0	0	0	0	0	10	0	0	0	0	0	0	0	0	0	0	0	0	0	0	0	0	0	0	0	0	0	15	0	0	0
3542	2 Jun 26	23:50:00	1	0	1	0	Ct	0	0	1	0	0	0	0	0	7	0	0	0	0	0	0	0	0	0	0	0	21	0	0	2	0	0	0	0	0	0	4	0	0	0
3543	2 Jun 26	23:55:00	1	0	1	0	Ct	0	0	23	0	0	0	0	0	0	0	0	0	0	0	0	0	0	0	0	0	0	0	0	2	7	0	0	0	0	0	3	0	0	0
3544	3 Jun 26	00:00:00	1	0	1	0	Ct	0	0	0	0	0	0	0	0	4	0	0	0	0	0	0	0	0	0	0	0	0	0	0	0	0	0	0	0	0	0	2	0	0	0
3545	3 Jun 26	00:05:00	1	0	1	0	Ct	0	0	5	0	0	0	0	0	3	0	0	0	0	0	0	0	0	0	0	0	3	0	0	0	0	0	0	0	0	0	6	0	0	0
3546	3 Jun 26	00:10:00	1	0	1	0	Ct	0	0	0	0	0	0	0	0	7	0	0	0	0	0	0	4	0	0	0	0	18	0	0	0	0	0	0	0	0	0	5	0	0	0
3547	3 Jun 26	00:15:00	1	0	1	0	Ct	0	0	0	0	11	0	0	0	13	0	0	0	0	0	0	6	0	0	0	0	1	0	0	0	0	0	0	0	0	0	10	0	0	0
3548	3 Jun 26	00:20:00	1	0	1	0	Ct	0	0	0	0	0	0	0	0	8	0	0	0	0	0	0	3	0	0	0	0	0	0	0	0	0	0	0	0	0	0	5	0	0	0
3549	3 Jun 26	00:25:00	1	0	1	0	Ct	0	0	0	0	0	0	0	0	1	0	0	0	0	0	0	1	0	0	11	0	2	0	0	0	0	0	0	0	0	0	2	0	0	0
3550	3 Jun 26	00:30:00	1	0	1	0	Ct	0	0	0	0	0	0	0	0	3	0	0	0	0	0	0	7	0	0	0	0	2	0	0	0	0	0	0	0	0	0	12	0	0	0
3551	3 Jun 26	00:35:00	1	0	1	0	Ct	0	0	0	0	0	0	0	0	0	0	0	0	0	0	0	6	0	0	9	0	0	0	0	0	0	0	0	0	0	0	3	0	0	0
3552	3 Jun 26	00:40:00	1	0	1	0	Ct	0	0	0	0	0	0	3	0	2	0	0	0	0	0	0	1	0	0	29	0	0	0	0	1	0	0	0	15	0	0	2	0	0	0
3553	3 Jun 26	00:45:00	1	0	1	0	Ct	0	0	0	0	0	0	23	0	2	0	0	0	0	0	0	5	0	0	0	0	0	0	0	4	2	0	0	2	0	0	0	0	0	0
3554	3 Jun 26	00:50:00	1	0	1	0	Ct	0	0	0	0	0	0	35	0	1	0	0	0	0	0	0	6	0	0	0	0	3	0	0	3	8	0	0	4	0	0	5	0	0	0
3555	3 Jun 26	00:55:00	1	0	1	0	Ct	0	0	0	0	0	0	0	0	4	0	0	0	0	0	0	3	0	0	0	0	6	0	0	2	72	0	0	0	0	0	0	0	0	0
3556	3 Jun 26	01:00:00	1	0	1	0	Ct	0	0	0	0	2	0	0	0	0	0	0	0	0	0	0	7	0	0	0	0	2	0	0	0	42	0	0	0	0	0	0	0	0	0
3557	3 Jun 26	01:05:00	1	0	1	0	Ct	0	0	0	0	0	0	0	0	0	0	0	0	0	0	0	0	0	0	0	0	0	0	0	2	8	0	0	0	0	0	7	0	0	0
3558	3 Jun 26	01:10:00	1	0	1	0	Ct	0	0	0	0	0	0	0	0	0	0	0	0	0	0	0	0	0	0	0	0	0	0	0	0	1	0	0	0	0	0	0	0	0	0
3559	3 Jun 26	01:15:00	1	0	1	0	Ct	0	0	0	0	0	0	0	0	0	0	0	0	0	0	0	0	0	0	0	0	0	0	0	0	15	0	0	0	0	0	0	0	0	0
3560	3 Jun 26	01:20:00	1	0	1	0	Ct	0	0	0	0	0	0	0	0	0	0	0	0	0	0	0	0	0	0	0	0	0	0	0	2	6	0	0	0	0	0	2	0	0	0
3561	3 Jun 26	01:25:00	1	0	1	0	Ct	0	0	0	0	0	0	2	0	0	0	0	0	0	0	0	0	0	0	0	0	0	0	0	0	0	0	0	0	0	0	1	0	0	0
3562	3 Jun 26	01:30:00	1	0	1	0	Ct	0	0	0	0	1	0	0	0	0	0	0	0	0	0	0	3	0	0	0	0	0	0	0	7	17	0	0	0	0	0	0	0	0	0
3563	3 Jun 26	01:35:00	1	0	1	0	Ct	0	0	0	0	0	0	0	0	0	0	0	0	0	0	0	11	0	0	0	0	0	0	0	1	0	0	0	0	0	0	0	0	0	0
3564	3 Jun 26	01:40:00	1	0	1	0	Ct	0	0	0	0	0	0	0	0	0	0	0	0	0	0	0	4	0	0	0	0	0	0	0	1	0	0	0	0	0	0	0	0	0	0
3565	3 Jun 26	01:45:00	1	0	1	0	Ct	0	0	0	0	0	0	0	0	0	0	0	0	0	0	0	3	0	0	0	0	0	0	0	9	2	0	0	0	0	0	5	0	0	0
3566	3 Jun 26	01:50:00	1	0	1	0	Ct	0	0	0	0	0	0	0	0	0	0	0	0	0	0	0	1	0	0	0	0	0	0	0	4	16	0	0	0	0	0	8	0	0	0
3567	3 Jun 26	01:55:00	1	0	1	0	Ct	0	0	0	0	0	0	0	0	0	0	0	0	0	0	0	2	0	0	0	0	0	0	0	4	4	0	0	0	0	0	0	0	0	0
3568	3 Jun 26	02:00:00	1	0	1	0	Ct	0	0	0	0	0	0	0	0	0	0	0	0	0	0	0	0	0	0	0	0	0	0	0	2	0	0	0	0	0	0	0	0	0	0
3569	3 Jun 26	02:05:00	1	0	1	0	Ct	0	0	0	0	9	0	0	0	0	0	0	0	0	0	0	0	0	0	7	0	0	0	0	2	0	0	0	0	0	0	0	0	0	0
3570	3 Jun 26	02:10:00	1	0	1	0	Ct	0	0	0	0	0	0	0	0	0	0	0	0	0	0	0	0	0	0	10	0	0	0	0	1	0	0	0	0	0	0	0	0	0	0
3571	3 Jun 26	02:15:00	1	0	1	0	Ct	0	0	0	0	0	0	0	0	0	0	0	0	0	0	0	0	0	0	0	0	0	0	0	2	0	0	0	0	0	0	1	0	0	0
3572	3 Jun 26	02:20:00	1	0	1	0	Ct	0	0	0	0	0	0	0	0	0	0	0	0	0	0	0	0	0	0	28	0	0	0	0	2	0	0	0	0	0	0	5	0	0	0
3573	3 Jun 26	02:25:00	1	0	1	0	Ct	0	0	0	0	0	0	0	0	0	0	0	0	0	0	0	4	0	0	3	0	0	0	0	0	0	0	0	0	0	0	0	0	0	0
3574	3 Jun 26	02:30:00	1	0	1	0	Ct	0	0	0	0	0	0	0	0	0	0	0	0	0	0	0	9	0	0	0	0	0	0	0	5	0	0	0	0	0	0	0	0	0	0
3575	3 Jun 26	02:35:00	1	0	1	0	Ct	0	0	0	0	0	0	0	0	0	0	0	0	0	0	0	0	0	0	0	0	0	0	0	1	0	0	0	0	0	0	0	0	0	0
3576	3 Jun 26	02:40:00	1	0	1	0	Ct	0	0	0	0	0	0	0	0	0	0	0	0	0	0	0	0	0	0	0	0	0	0	0	3	0	5	0	0	0	0	0	0	0	0
3577	3 Jun 26	02:45:00	1	0	1	0	Ct	0	0	0	0	0	0	0	0	0	0	0	0	0	0	0	0	0	0	0	0	0	0	0	0	0	34	0	0	0	0	0	0	0	0
3578	3 Jun 26	02:50:00	1	0	1	0	Ct	0	0	0	0	0	0	0	0	0	0	0	0	0	0	0	0	0	0	0	0	0	0	0	2	0	24	0	0	0	0	1	0	0	0
3579	3 Jun 26	02:55:00	1	0	1	0	Ct	0	0	0	0	0	0	0	0	0	0	0	0	0	0	0	0	0	0	0	0	13	0	0	0	0	34	0	0	0	0	0	0	0	0
3580	3 Jun 26	03:00:00	1	0	1	0	Ct	0	0	0	0	0	0	0	0	0	0	0	0	0	0	0	3	0	0	0	0	0	0	0	0	0	42	0	0	0	0	3	0	0	0
3581	3 Jun 26	03:05:00	1	0	1	0	Ct	0	0	0	0	0	0	0	0	0	0	0	0	0	0	0	1	0	0	4	0	0	0	0	2	0	20	0	0	0	0	0	0	0	0
3582	3 Jun 26	03:10:00	1	0	1	0	Ct	0	0	0	0	0	0	0	0	0	0	0	0	0	0	0	0	0	0	15	0	0	0	0	0	0	0	0	0	0	0	0	0	0	0
3583	3 Jun 26	03:15:00	1	0	1	0	Ct	0	0	0	0	0	0	0	0	0	0	0	0	0	0	0	0	0	0	0	0	0	0	0	0	1	0	0	0	0	0	0	0	0	0
3584	3 Jun 26	03:20:00	1	0	1	0	Ct	0	0	0	0	0	0	0	0	0	0	0	0	0	0	0	0	0	0	0	0	0	0	0	0	3	0	0	0	0	0	0	0	0	0
3585	3 Jun 26	03:25:00	1	0	1	0	Ct	0	0	0	0	0	0	0	0	0	0	0	0	0	0	0	0	0	0	0	0	0	0	0	0	4	0	0	0	0	0	0	0	0	0
3586	3 Jun 26	03:30:00	1	0	1	0	Ct	0	0	0	0	0	0	0	0	0	0	0	0	0	0	0	0	0	0	0	0	0	0	0	0	1	0	0	0	0	0	0	0	0	0
3587	3 Jun 26	03:35:00	1	0	1	0	Ct	0	0	0	0	0	0	0	0	0	0	0	0	0	0	0	0	0	0	0	0	0	0	0	0	8	0	0	0	0	0	0	0	0	0
3588	3 Jun 26	03:40:00	1	0	1	0	Ct	0	0	0	0	0	0	0	0	0	0	0	0	0	0	0	0	0	0	31	0	0	0	0	0	6	0	0	0	0	0	0	0	0	0
3589	3 Jun 26	03:45:00	1	0	1	0	Ct	0	0	0	0	0	0	0	0	0	0	0	0	0	0	0	0	0	0	0	0	6	0	0	0	0	0	0	0	0	0	0	0	0	0
3590	3 Jun 26	03:50:00	1	0	1	0	Ct	0	0	0	0	0	0	0	0	0	0	0	0	0	0	0	0	0	0	0	0	0	0	0	0	0	0	0	3	0	0	0	0	0	0
3591	3 Jun 26	03:55:00	1	0	1	0	Ct	0	0	0	0	0	0	0	0	0	0	0	0	0	0	0	0	0	0	0	0	1	0	0	0	0	0	0	0	0	0	0	0	0	0
3592	3 Jun 26	04:00:00	1	0	1	0	Ct	0	0	0	0	0	0	0	0	0	0	0	0	0	0	0	0	0	0	0	0	3	0	0	0	18	0	0	0	0	0	0	0	0	0
3593	3 Jun 26	04:05:00	1	0	1	0	Ct	0	0	0	0	0	0	0	0	0	0	0	0	0	0	0	0	0	0	0	0	11	0	0	0	25	0	0	0	0	0	0	0	0	0
3594	3 Jun 26	04:10:00	1	0	1	0	Ct	0	0	0	0	0	0	0	0	0	0	0	0	0	0	0	0	0	0	4	0	0	0	0	0	14	0	0	0	0	0	0	0	0	0
3595	3 Jun 26	04:15:00	1	0	1	0	Ct	0	0	0	0	0	0	0	0	0	0	0	0	0	0	0	0	0	0	23	0	0	0	0	0	0	0	0	0	0	0	0	0	0	0
3596	3 Jun 26	04:20:00	1	0	1	0	Ct	0	0	0	0	0	0	0	0	0	0	0	0	0	0	0	2	0	0	0	0	3	0	0	0	0	0	0	0	0	0	0	0	0	0
3597	3 Jun 26	04:25:00	1	0	1	0	Ct	0	0	0	0	0	0	0	0	0	0	0	0	0	0	0	9	0	0	0	0	0	0	0	0	0	15	0	0	0	0	5	0	0	0
3598	3 Jun 26	04:30:00	1	0	1	0	Ct	0	0	0	0	0	0	0	0	0	0	0	0	0	0	0	0	0	0	0	0	0	0	0	0	0	22	0	0	0	0	0	0	0	0
3599	3 Jun 26	04:35:00	1	0	1	0	Ct	0	0	0	0	0	0	0	0	0	0	0	0	0	0	0	0	0	0	0	0	0	0	0	0	0	0	0	0	0	0	3	0	0	0
3600	3 Jun 26	04:40:00	1	0	1	0	Ct	0	0	0	0	0	0	0	0	0	0	0	0	0	0	0	0	0	0	0	0	0	0	0	0	0	0	0	0	0	0	0	0	0	0
3601	3 Jun 26	04:45:00	1	0	1	0	Ct	0	0	0	0	0	0	0	0	0	0	0	0	0	0	0	0	0	0	0	0	0	0	0	0	0	0	0	0	0	0	0	0	0	0
3602	3 Jun 26	04:50:00	1	0	1	0	Ct	0	0	0	0	0	0	0	0	0	0	0	0	0	0	0	0	0	0	0	0	0	0	0	0	0	0	0	0	0	0	0	0	0	0
3603	3 Jun 26	04:55:00	1	0	1	0	Ct	0	0	0	0	0	0	0	0	0	0	0	0	0	0	0	0	0	0	0	0	0	0	0	0	0	0	0	0	0	0	0	0	0	0
3604	3 Jun 26	05:00:00	1	0	1	0	Ct	0	0	0	0	0	0	0	0	0	0	0	0	0	0	0	0	0	0	0	0	0	0	0	0	0	0	0	0	0	0	0	0	0	0
3605	3 Jun 26	05:05:00	1	0	1	0	Ct	0	0	0	0	0	0	0	0	0	0	0	0	0	0	0	0	0	0	0	0	0	0	0	0	0	0	0	0	0	0	0	0	0	0
3606	3 Jun 26	05:10:00	1	0	1	0	Ct	0	0	0	0	0	0	0	0	0	0	0	0	0	0	0	0	0	0	0	0	0	0	0	0	1	0	0	0	0	0	0	0	0	0
3607	3 Jun 26	05:15:00	1	0	1	0	Ct	0	0	0	0	3	0	0	0	0	0	0	0	0	0	0	0	0	0	0	0	0	0	0	0	23	0	0	0	0	0	0	0	0	0
3608	3 Jun 26	05:20:00	1	0	1	0	Ct	0	0	0	0	0	0	0	0	0	0	0	0	0	0	0	0	0	0	0	0	0	0	0	0	1	0	0	0	0	0	0	0	0	0
3609	3 Jun 26	05:25:00	1	0	1	0	Ct	0	0	0	0	0	0	0	0	0	0	0	0	0	0	0	1	0	0	3	0	0	0	0	0	0	0	0	0	0	0	0	0	0	0
3610	3 Jun 26	05:30:00	1	0	1	0	Ct	0	0	0	0	0	0	13	0	0	0	0	0	0	0	0	3	0	0	6	0	0	0	0	0	19	0	0	0	0	0	0	0	0	0
3611	3 Jun 26	05:35:00	1	0	1	0	Ct	0	0	0	0	0	0	0	0	0	0	0	0	0	0	0	0	0	0	0	0	0	0	0	0	1	0	0	0	0	0	0	0	0	0
3612	3 Jun 26	05:40:00	1	0	1	0	Ct	0	0	0	0	0	0	0	0	0	0	0	0	0	0	0	0	0	0	0	0	0	0	0	0	0	0	0	0	0	0	0	0	0	0
3613	3 Jun 26	05:45:00	1	0	1	0	Ct	0	0	0	0	7	0	0	0	0	0	0	0	0	0	0	0	0	0	0	0	0	0	0	0	20	0	0	0	0	0	0	0	0	0
3614	3 Jun 26	05:50:00	1	0	1	0	Ct	0	0	0	0	21	0	0	0	0	0	0	0	0	0	0	0	0	0	0	0	0	0	0	0	3	0	0	0	0	0	0	0	0	0
3615	3 Jun 26	05:55:00	1	0	1	0	Ct	0	0	0	0	0	0	0	0	0	0	0	0	0	0	0	0	0	0	0	0	0	0	0	0	0	0	0	4	0	0	6	0	0	0
3616	3 Jun 26	06:00:00	1	0	1	0	Ct	0	0	0	0	0	0	0	0	0	0	0	0	0	0	0	0	0	0	0	0	0	0	0	0	0	0	0	2	0	0	0	0	0	0
3617	3 Jun 26	06:05:00	1	0	1	0	Ct	0	0	0	0	0	0	0	0	0	0	0	0	0	0	0	0	0	0	0	0	0	0	0	0	5	0	0	0	0	0	0	0	0	0
3618	3 Jun 26	06:10:00	1	0	1	0	Ct	0	0	0	0	2	0	0	0	0	0	0	0	0	0	0	0	0	0	0	0	0	0	0	0	0	0	0	0	0	0	0	0	0	0
3619	3 Jun 26	06:15:00	1	0	1	0	Ct	0	0	0	0	0	0	0	0	0	0	0	0	0	0	0	0	0	0	0	0	0	0	0	0	0	0	0	0	0	0	0	0	0	0
3620	3 Jun 26	06:20:00	1	0	1	0	Ct	0	0	0	0	0	0	0	0	0	0	0	0	0	0	0	0	0	0	0	0	0	0	0	0	32	0	0	0	0	0	0	0	0	0
3621	3 Jun 26	06:25:00	1	0	1	0	Ct	0	0	0	0	0	0	0	0	0	0	0	0	0	0	0	0	0	0	26	0	0	0	0	0	12	0	0	0	0	0	0	0	0	0
3622	3 Jun 26	06:30:00	1	0	1	0	Ct	0	0	0	0	4	0	0	0	0	0	0	0	0	0	0	0	0	0	0	0	0	0	0	0	28	0	0	0	0	0	0	0	0	0
3623	3 Jun 26	06:35:00	1	0	1	0	Ct	0	0	0	0	1	0	0	0	0	0	0	0	0	0	0	0	0	0	0	0	0	0	0	0	3	0	0	0	0	0	0	0	0	0
3624	3 Jun 26	06:40:00	1	0	1	0	Ct	0	0	0	0	0	0	0	0	0	0	0	0	0	0	0	0	0	0	0	0	0	0	0	0	3	0	0	0	0	0	0	0	0	0
3625	3 Jun 26	06:45:00	1	0	1	0	Ct	0	0	0	0	0	0	7	0	20	0	0	0	0	0	0	0	0	0	0	0	0	0	0	0	0	0	0	0	0	0	0	0	0	0
3626	3 Jun 26	06:50:00	1	0	1	0	Ct	0	0	0	0	0	0	0	0	0	0	0	0	0	0	0	0	0	0	0	0	0	0	0	0	0	0	0	0	0	0	0	0	0	0
3627	3 Jun 26	06:55:00	1	0	1	0	Ct	0	0	0	0	1	0	0	0	0	0	0	0	0	0	0	0	0	0	0	0	0	0	0	0	0	0	0	0	0	0	0	0	0	0
3628	3 Jun 26	07:00:00	1	0	1	0	Ct	0	0	0	0	0	0	0	0	0	0	0	0	0	0	0	0	0	0	0	0	0	0	0	0	0	0	0	0	0	0	0	0	0	0
3629	3 Jun 26	07:05:00	1	0	1	0	Ct	0	0	0	0	0	0	0	0	0	0	0	0	0	0	0	0	0	0	0	0	0	0	0	0	0	0	0	0	0	0	0	0	0	0
3630	3 Jun 26	07:10:00	1	0	1	0	Ct	0	0	0	0	0	0	0	0	0	0	0	0	0	0	0	0	0	0	0	0	0	0	0	0	0	0	0	0	0	0	0	0	0	0
3631	3 Jun 26	07:15:00	1	0	1	0	Ct	0	0	0	0	0	0	0	0	0	0	0	0	0	0	0	0	0	0	0	0	0	0	0	0	0	0	0	0	0	0	0	0	0	0
3632	3 Jun 26	07:20:00	1	0	1	0	Ct	0	0	0	0	0	0	0	0	0	0	0	0	0	0	0	0	0	0	0	0	0	0	0	0	0	0	0	0	0	0	0	0	0	0
3633	3 Jun 26	07:25:00	1	0	1	0	Ct	0	0	0	0	0	0	0	0	0	0	0	0	0	0	0	0	0	0	0	0	0	0	0	0	0	0	0	0	0	0	0	0	0	0
3634	3 Jun 26	07:30:00	1	0	1	0	Ct	0	0	0	0	0	0	0	0	0	0	0	0	0	0	0	0	0	0	0	0	0	0	0	0	0	0	0	0	0	0	0	0	0	0
3635	3 Jun 26	07:35:00	1	0	1	0	Ct	0	0	0	0	0	0	0	0	0	0	0	0	0	0	0	0	0	0	0	0	0	0	0	0	0	0	0	0	0	0	0	0	0	0
3636	3 Jun 26	07:40:00	1	0	1	0	Ct	0	0	0	0	0	0	0	0	0	0	0	0	0	0	0	0	0	0	0	0	0	0	0	0	0	0	0	0	0	0	0	0	0	0
3637	3 Jun 26	07:45:00	1	0	1	0	Ct	0	0	0	0	0	0	0	0	0	0	0	0	0	0	0	0	0	0	0	0	0	0	0	0	0	0	0	0	0	0	0	0	0	0
3638	3 Jun 26	07:50:00	1	0	1	0	Ct	0	0	0	0	0	0	0	0	0	0	0	0	0	0	0	0	0	0	31	0	0	0	0	0	0	0	0	0	0	0	0	0	0	0
3639	3 Jun 26	07:55:00	1	0	1	0	Ct	0	0	0	0	0	0	0	0	0	0	0	0	0	0	0	0	0	0	21	0	0	0	0	0	0	0	0	0	0	0	0	0	0	0
3640	3 Jun 26	08:00:00	1	0	1	0	Ct	0	0	0	0	0	0	0	0	0	0	0	0	0	0	0	0	0	0	0	0	0	0	0	0	0	0	0	0	0	0	0	0	0	0
3641	3 Jun 26	08:05:00	1	0	1	0	Ct	0	0	0	0	0	0	0	0	0	0	0	0	0	0	0	1	0	0	0	0	0	0	0	0	0	0	0	0	0	0	0	0	0	0
3642	3 Jun 26	08:10:00	1	0	1	0	Ct	0	0	0	0	7	0	0	0	0	0	0	0	0	0	0	6	0	0	0	0	0	0	0	0	0	0	0	0	0	0	2	0	0	0
3643	3 Jun 26	08:15:00	1	0	1	0	Ct	0	0	0	0	0	0	0	0	0	0	0	0	0	0	0	3	0	0	0	0	0	0	0	0	0	0	0	0	0	0	4	0	0	0
3644	3 Jun 26	08:20:00	1	0	1	0	Ct	0	0	0	0	0	0	0	0	0	0	0	13	0	0	0	13	0	0	0	0	1	0	0	0	0	0	0	0	0	0	5	0	0	0
3645	3 Jun 26	08:25:00	1	0	1	0	Ct	0	0	0	0	0	0	0	0	0	0	0	8	0	0	0	0	0	0	0	0	0	0	0	0	0	0	0	0	0	0	1	0	0	0
3646	3 Jun 26	08:30:00	1	0	1	0	Ct	0	0	0	0	0	0	0	0	0	0	0	0	0	0	0	0	0	0	11	0	0	0	0	0	0	0	0	0	0	0	0	0	0	0
3647	3 Jun 26	08:35:00	1	0	1	0	Ct	0	0	0	0	0	0	0	0	0	0	0	0	0	0	0	0	0	0	0	0	0	0	0	0	0	0	0	0	0	0	11	0	0	0
3648	3 Jun 26	08:40:00	1	0	1	0	Ct	0	0	0	0	0	0	0	0	0	0	0	0	0	0	0	0	0	0	0	0	0	0	0	0	0	0	0	0	0	0	0	0	0	0
3649	3 Jun 26	08:45:00	1	0	1	0	Ct	0	0	0	0	0	0	0	0	0	0	0	0	0	0	0	0	0	0	0	0	0	0	0	0	0	0	0	0	0	0	0	0	0	0
3650	3 Jun 26	08:50:00	1	0	1	0	Ct	0	0	0	0	0	0	0	0	0	0	0	0	0	0	0	0	0	0	12	0	2	0	0	0	0	0	0	0	0	0	0	0	0	0
3651	3 Jun 26	08:55:00	1	0	1	0	Ct	0	0	0	0	0	0	0	0	0	0	0	0	0	0	0	0	0	0	1	0	2	0	0	0	0	0	0	0	0	0	0	0	0	0
3652	3 Jun 26	09:00:00	1	0	1	0	Ct	0	0	0	0	0	0	0	0	0	0	0	0	0	0	0	0	0	0	29	0	0	0	0	0	0	0	0	1	0	0	4	0	0	0
3653	3 Jun 26	09:05:00	1	0	1	0	Ct	0	0	0	0	0	0	0	0	0	0	0	0	0	0	0	9	0	0	0	0	0	0	0	0	0	0	0	0	0	0	0	0	0	0
3654	3 Jun 26	09:10:00	1	0	1	0	Ct	0	0	0	0	0	0	0	0	0	0	0	0	0	0	0	0	0	0	0	0	0	0	0	0	0	0	0	0	0	0	0	0	0	0
3655	3 Jun 26	09:15:00	1	0	1	0	Ct	0	0	0	0	0	0	0	0	0	0	0	0	0	0	0	0	0	0	0	0	0	0	0	0	0	0	0	0	0	0	7	0	0	0
3656	3 Jun 26	09:20:00	1	0	1	0	Ct	0	0	0	0	0	0	0	0	0	0	0	0	0	0	0	0	0	0	0	0	0	0	0	0	0	0	0	0	0	0	0	0	0	0
3657	3 Jun 26	09:25:00	1	0	1	0	Ct	0	0	0	0	0	0	0	0	0	0	0	0	0	0	0	0	0	0	0	0	0	0	0	0	0	0	0	0	0	0	3	0	0	0
3658	3 Jun 26	09:30:00	1	0	1	0	Ct	0	0	0	0	0	0	0	0	0	0	0	0	0	0	0	0	0	0	0	0	0	0	0	0	0	0	0	0	0	0	0	0	0	0
3659	3 Jun 26	09:35:00	1	0	1	0	Ct	0	0	0	0	0	0	0	0	0	0	0	0	0	0	0	0	0	0	0	0	0	0	0	0	0	0	0	0	0	0	0	0	0	0
3660	3 Jun 26	09:40:00	1	0	1	0	Ct	0	0	0	0	0	0	0	0	0	0	0	0	0	0	0	0	0	0	0	0	0	0	0	0	0	0	0	0	0	0	0	0	0	0
3661	3 Jun 26	09:45:00	1	0	1	0	Ct	0	0	0	0	0	0	0	0	0	0	0	0	0	0	0	0	0	0	0	0	0	0	0	0	0	0	0	0	0	0	0	0	0	0
3662	3 Jun 26	09:50:00	1	0	1	0	Ct	0	0	0	0	0	0	0	0	0	0	0	0	0	0	0	0	0	0	0	0	0	0	0	0	0	0	0	0	0	0	0	0	0	0
3663	3 Jun 26	09:55:00	1	0	1	0	Ct	0	0	0	0	0	0	0	0	0	0	0	0	0	0	0	0	0	0	0	0	0	0	0	0	0	0	0	0	0	0	0	0	0	0
3664	3 Jun 26	10:00:00	1	0	1	0	Ct	0	1	0	0	0	0	0	0	0	0	0	0	0	0	0	0	0	0	0	0	0	0	0	0	1	0	0	0	0	0	2	0	0	0
